1915
1915.0833333333
1915.1666666667
1915.25
1915.3333333333
1915.4166666667
1915.5
1915.5833333333
1915.6666666667
1915.75
1915.8333333333
1915.9166666667
1916
1916.0833333333
1916.1666666667
1916.25
1916.3333333333
1916.4166666667
1916.5
1916.5833333333
1916.6666666667
1916.75
1916.8333333333
1916.9166666667
1917
1917.0833333333
1917.1666666667
1917.25
1917.3333333333
1917.4166666667
1917.5
1917.5833333333
1917.6666666667
1917.75
1917.8333333333
1917.9166666667
1918
1918.0833333333
1918.1666666667
1918.25
1918.3333333333
1918.4166666667
1918.5
1918.5833333333
1918.6666666667
1918.75
1918.8333333333
1918.9166666667
1919
1919.0833333333
1919.1666666667
1919.25
1919.3333333333
1919.4166666667
1919.5
1919.5833333333
1919.6666666667
1919.75
1919.8333333333
1919.9166666667
1920
1920.0833333333
1920.1666666667
1920.25
1920.3333333333
1920.4166666667
1920.5
1920.5833333333
1920.6666666667
1920.75
1920.8333333333
1920.9166666667
1921
1921.0833333333
1921.1666666667
1921.25
1921.3333333333
1921.4166666667
1921.5
1921.5833333333
1921.6666666667
1921.75
1921.8333333333
1921.9166666667
1922
1922.0833333333
1922.1666666667
1922.25
1922.3333333333
1922.4166666667
1922.5
1922.5833333333
1922.6666666667
1922.75
1922.8333333333
1922.9166666667
1923
1923.0833333333
1923.1666666667
1923.25
1923.3333333333
1923.4166666667
1923.5
1923.5833333333
1923.6666666667
1923.75
1923.8333333333
1923.9166666667
1924
1924.0833333333
1924.1666666667
1924.25
1924.3333333333
1924.4166666667
1924.5
1924.5833333333
1924.6666666667
1924.75
1924.8333333333
1924.9166666667
1925
1925.0833333333
1925.1666666667
1925.25
1925.3333333333
1925.4166666667
1925.5
1925.5833333333
1925.6666666667
1925.75
1925.8333333333
1925.9166666667
1926
1926.0833333333
1926.1666666667
1926.25
1926.3333333333
1926.4166666667
1926.5
1926.5833333333
1926.6666666667
1926.75
1926.8333333333
1926.9166666667
1927
1927.0833333333
1927.1666666667
1927.25
1927.3333333333
1927.4166666667
1927.5
1927.5833333333
1927.6666666667
1927.75
1927.8333333333
1927.9166666667
1928
1928.0833333333
1928.1666666667
1928.25
1928.3333333333
1928.4166666667
1928.5
1928.5833333333
1928.6666666667
1928.75
1928.8333333333
1928.9166666667
1929
1929.0833333333
1929.1666666667
1929.25
1929.3333333333
1929.4166666667
1929.5
1929.5833333333
1929.6666666667
1929.75
1929.8333333333
1929.9166666667
1930
1930.0833333333
1930.1666666667
1930.25
1930.3333333333
1930.4166666667
1930.5
1930.5833333333
1930.6666666667
1930.75
1930.8333333333
1930.9166666667
1931
1931.0833333333
1931.1666666667
1931.25
1931.3333333333
1931.4166666667
1931.5
1931.5833333333
1931.6666666667
1931.75
1931.8333333333
1931.9166666667
1932
1932.0833333333
1932.1666666667
1932.25
1932.3333333333
1932.4166666667
1932.5
1932.5833333333
1932.6666666667
1932.75
1932.8333333333
1932.9166666667
1933
1933.0833333333
1933.1666666667
1933.25
1933.3333333333
1933.4166666667
1933.5
1933.5833333333
1933.6666666667
1933.75
1933.8333333333
1933.9166666667
1934
1934.0833333333
1934.1666666667
1934.25
1934.3333333333
1934.4166666667
1934.5
1934.5833333333
1934.6666666667
1934.75
1934.8333333333
1934.9166666667
1935
1935.0833333333
1935.1666666667
1935.25
1935.3333333333
1935.4166666667
1935.5
1935.5833333333
1935.6666666667
1935.75
1935.8333333333
1935.9166666667
1936
1936.0833333333
1936.1666666667
1936.25
1936.3333333333
1936.4166666667
1936.5
1936.5833333333
1936.6666666667
1936.75
1936.8333333333
1936.9166666667
1937
1937.0833333333
1937.1666666667
1937.25
1937.3333333333
1937.4166666667
1937.5
1937.5833333333
1937.6666666667
1937.75
1937.8333333333
1937.9166666667
1938
1938.0833333333
1938.1666666667
1938.25
1938.3333333333
1938.4166666667
1938.5
1938.5833333333
1938.6666666667
1938.75
1938.8333333333
1938.9166666666
1939
1939.0833333333
1939.1666666666
1939.25
1939.3333333333
1939.4166666666
1939.5
1939.5833333333
1939.6666666666
1939.75
1939.8333333333
1939.9166666666
1940
1940.0833333333
1940.1666666666
1940.25
1940.3333333333
1940.4166666666
1940.5
1940.5833333333
1940.6666666666
1940.75
1940.8333333333
1940.9166666666
1941
1941.0833333333
1941.1666666666
1941.25
1941.3333333333
1941.4166666666
1941.5
1941.5833333333
1941.6666666666
1941.75
1941.8333333333
1941.9166666666
1942
1942.0833333333
1942.1666666666
1942.25
1942.3333333333
1942.4166666666
1942.5
1942.5833333333
1942.6666666666
1942.75
1942.8333333333
1942.9166666666
1943
1943.0833333333
1943.1666666666
1943.25
1943.3333333333
1943.4166666666
1943.5
1943.5833333333
1943.6666666666
1943.75
1943.8333333333
1943.9166666666
1944
1944.0833333333
1944.1666666666
1944.25
1944.3333333333
1944.4166666666
1944.5
1944.5833333333
1944.6666666666
1944.75
1944.8333333333
1944.9166666666
1945
1945.0833333333
1945.1666666666
1945.25
1945.3333333333
1945.4166666666
1945.5
1945.5833333333
1945.6666666666
1945.75
1945.8333333333
1945.9166666666
1946
1946.0833333333
1946.1666666666
1946.25
1946.3333333333
1946.4166666666
1946.5
1946.5833333333
1946.6666666666
1946.75
1946.8333333333
1946.9166666666
1947
1947.0833333333
1947.1666666666
1947.25
1947.3333333333
1947.4166666666
1947.5
1947.5833333333
1947.6666666666
1947.75
1947.8333333333
1947.9166666666
1948
1948.0833333333
1948.1666666666
1948.25
1948.3333333333
1948.4166666666
1948.5
1948.5833333333
1948.6666666666
1948.75
1948.8333333333
1948.9166666666
1949
1949.0833333333
1949.1666666666
1949.25
1949.3333333333
1949.4166666666
1949.5
1949.5833333333
1949.6666666666
1949.75
1949.8333333333
1949.9166666666
1950
1950.0833333333
1950.1666666666
1950.25
1950.3333333333
1950.4166666666
1950.5
1950.5833333333
1950.6666666666
1950.75
1950.8333333333
1950.9166666666
1951
1951.0833333333
1951.1666666666
1951.25
1951.3333333333
1951.4166666666
1951.5
1951.5833333333
1951.6666666666
1951.75
1951.8333333333
1951.9166666666
1952
1952.0833333333
1952.1666666666
1952.25
1952.3333333333
1952.4166666666
1952.5
1952.5833333333
1952.6666666666
1952.75
1952.8333333333
1952.9166666666
1953
1953.0833333333
1953.1666666666
1953.25
1953.3333333333
1953.4166666666
1953.5
1953.5833333333
1953.6666666666
1953.75
1953.8333333333
1953.9166666666
1954
1954.0833333333
1954.1666666666
1954.25
1954.3333333333
1954.4166666666
1954.5
1954.5833333333
1954.6666666666
1954.75
1954.8333333333
1954.9166666666
1955
1955.0833333333
1955.1666666666
1955.25
1955.3333333333
1955.4166666666
1955.5
1955.5833333333
1955.6666666666
1955.75
1955.8333333333
1955.9166666666
1956
1956.0833333333
1956.1666666666
1956.25
1956.3333333333
1956.4166666666
1956.5
1956.5833333333
1956.6666666666
1956.75
1956.8333333333
1956.9166666666
1957
1957.0833333333
1957.1666666666
1957.25
1957.3333333333
1957.4166666666
1957.5
1957.5833333333
1957.6666666666
1957.75
1957.8333333333
1957.9166666666
1958
1958.0833333333
1958.1666666666
1958.25
1958.3333333333
1958.4166666666
1958.5
1958.5833333333
1958.6666666666
1958.75
1958.8333333333
1958.9166666666
1959
1959.0833333333
1959.1666666666
1959.25
1959.3333333333
1959.4166666666
1959.5
1959.5833333333
1959.6666666666
1959.75
1959.8333333333
1959.9166666666
1960
1960.0833333333
1960.1666666666
1960.25
1960.3333333333
1960.4166666666
1960.5
1960.5833333333
1960.6666666666
1960.75
1960.8333333333
1960.9166666666
1961
1961.0833333333
1961.1666666666
1961.25
1961.3333333333
1961.4166666666
1961.5
1961.5833333333
1961.6666666666
1961.75
1961.8333333333
1961.9166666666
1962
1962.0833333333
1962.1666666666
1962.25
1962.3333333333
1962.4166666666
1962.5
1962.5833333333
1962.6666666666
1962.75
1962.8333333333
1962.9166666666
1963
1963.0833333333
1963.1666666666
1963.25
1963.3333333333
1963.4166666666
1963.5
1963.5833333333
1963.6666666666
1963.75
1963.8333333333
1963.9166666666
1964
1964.0833333333
1964.1666666666
1964.25
1964.3333333333
1964.4166666666
1964.5
1964.5833333333
1964.6666666666
1964.75
1964.8333333333
1964.9166666666
1965
1965.0833333333
1965.1666666666
1965.25
1965.3333333333
1965.4166666666
1965.5
1965.5833333333
1965.6666666666
1965.75
1965.8333333333
1965.9166666666
1966
1966.0833333333
1966.1666666666
1966.25
1966.3333333333
1966.4166666666
1966.5
1966.5833333333
1966.6666666666
1966.75
1966.8333333333
1966.9166666666
1967
1967.0833333333
1967.1666666666
1967.25
1967.3333333333
1967.4166666666
1967.5
1967.5833333333
1967.6666666666
1967.75
1967.8333333333
1967.9166666666
1968
1968.0833333333
1968.1666666666
1968.25
1968.3333333333
1968.4166666666
1968.5
1968.5833333333
1968.6666666666
1968.75
1968.8333333333
1968.9166666666
1969
1969.0833333333
1969.1666666666
1969.25
1969.3333333333
1969.4166666666
1969.5
1969.5833333333
1969.6666666666
1969.75
1969.8333333333
1969.9166666666
1970
1970.0833333333
1970.1666666666
1970.25
1970.3333333333
1970.4166666666
1970.5
1970.5833333333
1970.6666666666
1970.75
1970.8333333333
1970.9166666666
1971
1971.0833333333
1971.1666666666
1971.25
1971.3333333333
1971.4166666666
1971.5
1971.5833333333
1971.6666666666
1971.75
1971.8333333333
1971.9166666666
1972
1972.0833333333
1972.1666666666
1972.25
1972.3333333333
1972.4166666666
1972.5
1972.5833333333
1972.6666666666
1972.75
1972.8333333333
1972.9166666666
1973
1973.0833333333
1973.1666666666
1973.25
1973.3333333333
1973.4166666666
1973.5
1973.5833333333
1973.6666666666
1973.75
1973.8333333333
1973.9166666666
1974
1974.0833333333
1974.1666666666
1974.25
1974.3333333333
1974.4166666666
1974.5
1974.5833333333
1974.6666666666
1974.75
1974.8333333333
1974.9166666666
1975
1975.0833333333
1975.1666666666
1975.25
1975.3333333333
1975.4166666666
1975.4999999999
1975.5833333333
1975.6666666666
1975.7499999999
1975.8333333333
1975.9166666666
1975.9999999999
1976.0833333333
1976.1666666666
1976.2499999999
1976.3333333333
1976.4166666666
1976.4999999999
1976.5833333333
1976.6666666666
1976.7499999999
1976.8333333333
1976.9166666666
1976.9999999999
1977.0833333333
1977.1666666666
1977.2499999999
1977.3333333333
1977.4166666666
1977.4999999999
1977.5833333333
1977.6666666666
1977.7499999999
1977.8333333333
1977.9166666666
1977.9999999999
1978.0833333333
1978.1666666666
1978.2499999999
1978.3333333333
1978.4166666666
1978.4999999999
1978.5833333333
1978.6666666666
1978.7499999999
1978.8333333333
1978.9166666666
1978.9999999999
1979.0833333333
1979.1666666666
1979.2499999999
1979.3333333333
1979.4166666666
1979.4999999999
1979.5833333333
1979.6666666666
1979.7499999999
1979.8333333333
1979.9166666666
1979.9999999999
1980.0833333333
1980.1666666666
1980.2499999999
1980.3333333333
1980.4166666666
1980.4999999999
1980.5833333333
1980.6666666666
1980.7499999999
1980.8333333333
1980.9166666666
1980.9999999999
1981.0833333333
1981.1666666666
1981.2499999999
1981.3333333333
1981.4166666666
1981.4999999999
1981.5833333333
1981.6666666666
1981.7499999999
1981.8333333333
1981.9166666666
1981.9999999999
1982.0833333333
1982.1666666666
1982.2499999999
1982.3333333333
1982.4166666666
1982.4999999999
1982.5833333333
1982.6666666666
1982.7499999999
1982.8333333333
1982.9166666666
1982.9999999999
1983.0833333333
1983.1666666666
1983.2499999999
1983.3333333333
1983.4166666666
1983.4999999999
1983.5833333333
1983.6666666666
1983.7499999999
1983.8333333333
1983.9166666666
1983.9999999999
1984.0833333333
1984.1666666666
1984.2499999999
1984.3333333333
1984.4166666666
1984.4999999999
1984.5833333333
1984.6666666666
1984.7499999999
1984.8333333333
1984.9166666666
1984.9999999999
1985.0833333333
1985.1666666666
1985.2499999999
1985.3333333333
1985.4166666666
1985.4999999999
1985.5833333333
1985.6666666666
1985.7499999999
1985.8333333333
1985.9166666666
1985.9999999999
1986.0833333333
1986.1666666666
1986.2499999999
1986.3333333333
1986.4166666666
1986.4999999999
1986.5833333333
1986.6666666666
1986.7499999999
1986.8333333333
1986.9166666666
1986.9999999999
1987.0833333333
1987.1666666666
1987.2499999999
1987.3333333333
1987.4166666666
1987.4999999999
1987.5833333333
1987.6666666666
1987.7499999999
1987.8333333333
1987.9166666666
1987.9999999999
1988.0833333333
1988.1666666666
1988.2499999999
1988.3333333333
1988.4166666666
1988.4999999999
1988.5833333333
1988.6666666666
1988.7499999999
1988.8333333333
1988.9166666666
1988.9999999999
1989.0833333333
1989.1666666666
1989.2499999999
1989.3333333333
1989.4166666666
1989.4999999999
1989.5833333333
1989.6666666666
1989.7499999999
1989.8333333333
1989.9166666666
1989.9999999999
1990.0833333333
1990.1666666666
1990.2499999999
1990.3333333333
1990.4166666666
1990.4999999999
1990.5833333333
1990.6666666666
1990.7499999999
1990.8333333333
1990.9166666666
1990.9999999999
1991.0833333333
1991.1666666666
1991.2499999999
1991.3333333333
1991.4166666666
1991.4999999999
1991.5833333333
1991.6666666666
1991.7499999999
1991.8333333333
1991.9166666666
1991.9999999999
1992.0833333333
1992.1666666666
1992.2499999999
1992.3333333333
1992.4166666666
1992.4999999999
1992.5833333333
1992.6666666666
1992.7499999999
1992.8333333333
1992.9166666666
1992.9999999999
1993.0833333333
1993.1666666666
1993.2499999999
1993.3333333333
1993.4166666666
1993.4999999999
1993.5833333333
1993.6666666666
1993.7499999999
1993.8333333333
1993.9166666666
1993.9999999999
1994.0833333333
1994.1666666666
1994.2499999999
1994.3333333333
1994.4166666666
1994.4999999999
1994.5833333333
1994.6666666666
1994.7499999999
1994.8333333333
1994.9166666666
1994.9999999999
1995.0833333333
1995.1666666666
1995.2499999999
1995.3333333333
1995.4166666666
1995.4999999999
1995.5833333333
1995.6666666666
1995.7499999999
1995.8333333333
1995.9166666666
1995.9999999999
1996.0833333333
1996.1666666666
1996.2499999999
1996.3333333333
1996.4166666666
1996.4999999999
1996.5833333333
1996.6666666666
1996.7499999999
1996.8333333333
1996.9166666666
1996.9999999999
1997.0833333333
1997.1666666666
1997.2499999999
1997.3333333333
1997.4166666666
1997.4999999999
1997.5833333333
1997.6666666666
1997.7499999999
1997.8333333333
1997.9166666666
1997.9999999999
1998.0833333333
1998.1666666666
1998.2499999999
1998.3333333333
1998.4166666666
1998.4999999999
1998.5833333333
1998.6666666666
1998.7499999999
1998.8333333333
1998.9166666666
1998.9999999999
1999.0833333333
1999.1666666666
1999.2499999999
1999.3333333333
1999.4166666666
1999.4999999999
1999.5833333333
1999.6666666666
1999.7499999999
1999.8333333333
1999.9166666666
1999.9999999999
2000.0833333333
2000.1666666666
2000.2499999999
2000.3333333333
2000.4166666666
2000.4999999999
2000.5833333333
2000.6666666666
2000.7499999999
2000.8333333333
2000.9166666666
2000.9999999999
2001.0833333333
2001.1666666666
2001.2499999999
2001.3333333333
2001.4166666666
2001.4999999999
2001.5833333333
2001.6666666666
2001.7499999999
2001.8333333333
2001.9166666666
2001.9999999999
2002.0833333333
2002.1666666666
2002.2499999999
2002.3333333333
2002.4166666666
2002.4999999999
2002.5833333333
2002.6666666666
2002.7499999999
2002.8333333333
2002.9166666666
2002.9999999999
2003.0833333333
2003.1666666666
2003.2499999999
2003.3333333333
2003.4166666666
2003.4999999999
2003.5833333333
2003.6666666666
2003.7499999999
2003.8333333333
2003.9166666666
2003.9999999999
2004.0833333333
2004.1666666666
2004.2499999999
2004.3333333333
2004.4166666666
2004.4999999999
2004.5833333333
2004.6666666666
2004.7499999999
2004.8333333333
2004.9166666666