 Date = 1961.000     Altitude =  6371.000 km      geocentric

      Lat     Long       D       I       H       X       Y       Z       F
  -28.000  -50.000  -10.30  -26.50   21628   21280   -3865  -10784   24168
  -28.000  -49.900  -10.38  -26.55   21618   21264   -3895  -10801   24166
  -28.000  -49.800  -10.46  -26.60   21607   21248   -3924  -10819   24165
  -28.000  -49.700  -10.55  -26.65   21597   21232   -3953  -10837   24163
  -28.000  -49.600  -10.63  -26.70   21586   21216   -3982  -10855   24162
  -28.000  -49.500  -10.71  -26.75   21576   21200   -4011  -10874   24161
  -28.000  -49.400  -10.80  -26.80   21565   21183   -4040  -10892   24160
  -28.000  -49.300  -10.88  -26.85   21555   21167   -4069  -10910   24159
  -28.000  -49.200  -10.96  -26.90   21544   21151   -4098  -10929   24158
  -28.000  -49.100  -11.05  -26.95   21534   21135   -4126  -10948   24157
  -28.000  -49.000  -11.13  -27.00   21523   21119   -4155  -10967   24156
  -28.000  -48.900  -11.21  -27.05   21513   21102   -4183  -10986   24156
  -28.000  -48.800  -11.30  -27.10   21502   21086   -4212  -11005   24155
  -28.000  -48.700  -11.38  -27.16   21492   21070   -4240  -11025   24155
  -28.000  -48.600  -11.46  -27.21   21482   21053   -4268  -11044   24154
  -28.000  -48.500  -11.54  -27.26   21471   21037   -4296  -11064   24154
  -28.000  -48.400  -11.62  -27.31   21461   21021   -4324  -11084   24154
  -28.000  -48.300  -11.71  -27.37   21450   21004   -4352  -11103   24154
  -28.000  -48.200  -11.79  -27.42   21440   20988   -4380  -11123   24154
  -28.000  -48.100  -11.87  -27.48   21430   20971   -4408  -11144   24154
  -28.000  -48.000  -11.95  -27.53   21419   20955   -4435  -11164   24154
  -28.000  -47.900  -12.03  -27.58   21409   20938   -4463  -11184   24154
  -28.000  -47.800  -12.11  -27.64   21398   20922   -4490  -11205   24154
  -28.000  -47.700  -12.19  -27.69   21388   20905   -4517  -11226   24155
  -28.000  -47.600  -12.27  -27.75   21377   20889   -4545  -11247   24155
  -28.000  -47.500  -12.35  -27.80   21367   20872   -4572  -11268   24156
  -28.000  -47.400  -12.43  -27.86   21357   20856   -4599  -11289   24157
  -28.000  -47.300  -12.51  -27.92   21346   20839   -4626  -11310   24157
  -28.000  -47.200  -12.59  -27.97   21336   20823   -4652  -11331   24158
  -28.000  -47.100  -12.67  -28.03   21326   20806   -4679  -11353   24159
  -28.000  -47.000  -12.75  -28.09   21315   20789   -4706  -11374   24160
  -28.000  -46.900  -12.83  -28.14   21305   20773   -4732  -11396   24161
  -28.000  -46.800  -12.91  -28.20   21294   20756   -4758  -11418   24162
  -28.000  -46.700  -12.99  -28.26   21284   20739   -4785  -11440   24164
  -28.000  -46.600  -13.07  -28.32   21274   20722   -4811  -11462   24165
  -28.000  -46.500  -13.15  -28.37   21263   20706   -4837  -11484   24166
  -28.000  -46.400  -13.23  -28.43   21253   20689   -4863  -11506   24168
  -28.000  -46.300  -13.31  -28.49   21242   20672   -4889  -11529   24169
  -28.000  -46.200  -13.38  -28.55   21232   20655   -4915  -11551   24171
  -28.000  -46.100  -13.46  -28.61   21222   20639   -4940  -11574   24173
  -28.000  -46.000  -13.54  -28.67   21211   20622   -4966  -11597   24174
  -27.900  -50.000  -10.32  -26.37   21649   21298   -3880  -10735   24164
  -27.900  -49.900  -10.41  -26.42   21638   21282   -3909  -10752   24163
  -27.900  -49.800  -10.49  -26.47   21628   21266   -3939  -10770   24161
  -27.900  -49.700  -10.58  -26.52   21617   21250   -3968  -10788   24160
  -27.900  -49.600  -10.66  -26.57   21607   21234   -3997  -10807   24159
  -27.900  -49.500  -10.74  -26.62   21596   21218   -4026  -10825   24157
  -27.900  -49.400  -10.83  -26.67   21586   21202   -4055  -10843   24156
  -27.900  -49.300  -10.91  -26.72   21575   21185   -4084  -10862   24155
  -27.900  -49.200  -10.99  -26.77   21565   21169   -4112  -10881   24154
  -27.900  -49.100  -11.08  -26.82   21555   21153   -4141  -10900   24154
  -27.900  -49.000  -11.16  -26.88   21544   21137   -4169  -10919   24153
  -27.900  -48.900  -11.24  -26.93   21534   21120   -4198  -10938   24152
  -27.900  -48.800  -11.32  -26.98   21523   21104   -4226  -10957   24152
  -27.900  -48.700  -11.41  -27.03   21513   21088   -4255  -10977   24151
  -27.900  -48.600  -11.49  -27.08   21502   21072   -4283  -10996   24151
  -27.900  -48.500  -11.57  -27.14   21492   21055   -4311  -11016   24151
  -27.900  -48.400  -11.65  -27.19   21482   21039   -4339  -11036   24150
  -27.900  -48.300  -11.73  -27.24   21471   21022   -4367  -11056   24150
  -27.900  -48.200  -11.82  -27.30   21461   21006   -4394  -11076   24150
  -27.900  -48.100  -11.90  -27.35   21450   20990   -4422  -11096   24150
  -27.900  -48.000  -11.98  -27.41   21440   20973   -4450  -11117   24151
  -27.900  -47.900  -12.06  -27.46   21430   20957   -4477  -11137   24151
  -27.900  -47.800  -12.14  -27.52   21419   20940   -4505  -11158   24151
  -27.900  -47.700  -12.22  -27.57   21409   20924   -4532  -11179   24151
  -27.900  -47.600  -12.30  -27.63   21398   20907   -4559  -11199   24152
  -27.900  -47.500  -12.38  -27.68   21388   20891   -4586  -11221   24153
  -27.900  -47.400  -12.46  -27.74   21378   20874   -4613  -11242   24153
  -27.900  -47.300  -12.54  -27.79   21367   20857   -4640  -11263   24154
  -27.900  -47.200  -12.62  -27.85   21357   20841   -4667  -11284   24155
  -27.900  -47.100  -12.70  -27.91   21346   20824   -4694  -11306   24156
  -27.900  -47.000  -12.78  -27.96   21336   20807   -4720  -11328   24157
  -27.900  -46.900  -12.86  -28.02   21326   20791   -4747  -11349   24158
  -27.900  -46.800  -12.94  -28.08   21315   20774   -4773  -11371   24159
  -27.900  -46.700  -13.02  -28.14   21305   20757   -4799  -11393   24160
  -27.900  -46.600  -13.10  -28.20   21295   20741   -4825  -11416   24161
  -27.900  -46.500  -13.18  -28.25   21284   20724   -4852  -11438   24163
  -27.900  -46.400  -13.25  -28.31   21274   20707   -4877  -11460   24164
  -27.900  -46.300  -13.33  -28.37   21263   20690   -4903  -11483   24166
  -27.900  -46.200  -13.41  -28.43   21253   20674   -4929  -11506   24168
  -27.900  -46.100  -13.49  -28.49   21243   20657   -4955  -11528   24169
  -27.900  -46.000  -13.57  -28.55   21232   20640   -4980  -11551   24171
  -27.800  -50.000  -10.35  -26.25   21669   21317   -3894  -10686   24161
  -27.800  -49.900  -10.44  -26.30   21659   21301   -3924  -10703   24159
  -27.800  -49.800  -10.52  -26.35   21648   21284   -3953  -10721   24158
  -27.800  -49.700  -10.61  -26.40   21638   21268   -3982  -10739   24157
  -27.800  -49.600  -10.69  -26.45   21628   21252   -4011  -10758   24155
  -27.800  -49.500  -10.77  -26.50   21617   21236   -4040  -10776   24154
  -27.800  -49.400  -10.86  -26.55   21607   21220   -4069  -10795   24153
  -27.800  -49.300  -10.94  -26.60   21596   21204   -4098  -10813   24152
  -27.800  -49.200  -11.02  -26.65   21586   21188   -4127  -10832   24151
  -27.800  -49.100  -11.10  -26.70   21575   21171   -4155  -10851   24150
  -27.800  -49.000  -11.19  -26.75   21565   21155   -4184  -10870   24150
  -27.800  -48.900  -11.27  -26.80   21554   21139   -4212  -10890   24149
  -27.800  -48.800  -11.35  -26.86   21544   21123   -4241  -10909   24149
  -27.800  -48.700  -11.43  -26.91   21534   21106   -4269  -10928   24148
  -27.800  -48.600  -11.52  -26.96   21523   21090   -4297  -10948   24148
  -27.800  -48.500  -11.60  -27.01   21513   21074   -4325  -10968   24147
  -27.800  -48.400  -11.68  -27.07   21502   21057   -4353  -10988   24147
  -27.800  -48.300  -11.76  -27.12   21492   21041   -4381  -11008   24147
  -27.800  -48.200  -11.84  -27.17   21482   21024   -4409  -11028   24147
  -27.800  -48.100  -11.92  -27.23   21471   21008   -4437  -11049   24147
  -27.800  -48.000  -12.01  -27.28   21461   20991   -4464  -11069   24147
  -27.800  -47.900  -12.09  -27.34   21451   20975   -4492  -11090   24148
  -27.800  -47.800  -12.17  -27.39   21440   20958   -4519  -11110   24148
  -27.800  -47.700  -12.25  -27.45   21430   20942   -4546  -11131   24148
  -27.800  -47.600  -12.33  -27.50   21419   20925   -4574  -11152   24149
  -27.800  -47.500  -12.41  -27.56   21409   20909   -4601  -11173   24149
  -27.800  -47.400  -12.49  -27.62   21399   20892   -4628  -11195   24150
  -27.800  -47.300  -12.57  -27.67   21388   20876   -4655  -11216   24151
  -27.800  -47.200  -12.65  -27.73   21378   20859   -4681  -11238   24152
  -27.800  -47.100  -12.73  -27.79   21368   20842   -4708  -11259   24153
  -27.800  -47.000  -12.81  -27.84   21357   20826   -4735  -11281   24154
  -27.800  -46.900  -12.89  -27.90   21347   20809   -4761  -11303   24155
  -27.800  -46.800  -12.97  -27.96   21336   20792   -4787  -11325   24156
  -27.800  -46.700  -13.05  -28.02   21326   20776   -4814  -11347   24157
  -27.800  -46.600  -13.12  -28.07   21316   20759   -4840  -11369   24158
  -27.800  -46.500  -13.20  -28.13   21305   20742   -4866  -11392   24160
  -27.800  -46.400  -13.28  -28.19   21295   20726   -4892  -11414   24161
  -27.800  -46.300  -13.36  -28.25   21285   20709   -4918  -11437   24163
  -27.800  -46.200  -13.44  -28.31   21274   20692   -4944  -11460   24164
  -27.800  -46.100  -13.51  -28.37   21264   20675   -4969  -11482   24166
  -27.800  -46.000  -13.59  -28.43   21254   20658   -4995  -11505   24168
  -27.700  -50.000  -10.38  -26.12   21690   21335   -3909  -10636   24158
  -27.700  -49.900  -10.47  -26.17   21680   21319   -3938  -10654   24156
  -27.700  -49.800  -10.55  -26.22   21669   21303   -3968  -10672   24155
  -27.700  -49.700  -10.63  -26.27   21659   21287   -3997  -10690   24153
  -27.700  -49.600  -10.72  -26.32   21648   21271   -4026  -10709   24152
  -27.700  -49.500  -10.80  -26.37   21638   21255   -4055  -10727   24151
  -27.700  -49.400  -10.88  -26.42   21628   21238   -4084  -10746   24150
  -27.700  -49.300  -10.97  -26.47   21617   21222   -4113  -10765   24149
  -27.700  -49.200  -11.05  -26.52   21607   21206   -4141  -10784   24148
  -27.700  -49.100  -11.13  -26.57   21596   21190   -4170  -10803   24147
  -27.700  -49.000  -11.22  -26.63   21586   21174   -4199  -10822   24147
  -27.700  -48.900  -11.30  -26.68   21575   21157   -4227  -10841   24146
  -27.700  -48.800  -11.38  -26.73   21565   21141   -4255  -10861   24146
  -27.700  -48.700  -11.46  -26.78   21555   21125   -4284  -10880   24145
  -27.700  -48.600  -11.54  -26.84   21544   21108   -4312  -10900   24145
  -27.700  -48.500  -11.63  -26.89   21534   21092   -4340  -10920   24144
  -27.700  -48.400  -11.71  -26.94   21524   21076   -4368  -10940   24144
  -27.700  -48.300  -11.79  -27.00   21513   21059   -4396  -10960   24144
  -27.700  -48.200  -11.87  -27.05   21503   21043   -4423  -10980   24144
  -27.700  -48.100  -11.95  -27.11   21492   21026   -4451  -11001   24144
  -27.700  -48.000  -12.03  -27.16   21482   21010   -4479  -11021   24144
  -27.700  -47.900  -12.11  -27.22   21472   20993   -4506  -11042   24145
  -27.700  -47.800  -12.20  -27.27   21461   20977   -4534  -11063   24145
  -27.700  -47.700  -12.28  -27.33   21451   20960   -4561  -11084   24145
  -27.700  -47.600  -12.36  -27.38   21441   20944   -4588  -11105   24146
  -27.700  -47.500  -12.44  -27.44   21430   20927   -4615  -11126   24146
  -27.700  -47.400  -12.52  -27.49   21420   20911   -4642  -11148   24147
  -27.700  -47.300  -12.60  -27.55   21410   20894   -4669  -11169   24148
  -27.700  -47.200  -12.68  -27.61   21399   20878   -4696  -11191   24149
  -27.700  -47.100  -12.76  -27.66   21389   20861   -4722  -11212   24150
  -27.700  -47.000  -12.83  -27.72   21378   20844   -4749  -11234   24151
  -27.700  -46.900  -12.91  -27.78   21368   20828   -4776  -11256   24152
  -27.700  -46.800  -12.99  -27.84   21358   20811   -4802  -11278   24153
  -27.700  -46.700  -13.07  -27.90   21347   20794   -4828  -11301   24154
  -27.700  -46.600  -13.15  -27.95   21337   20778   -4854  -11323   24155
  -27.700  -46.500  -13.23  -28.01   21327   20761   -4880  -11345   24157
  -27.700  -46.400  -13.31  -28.07   21316   20744   -4906  -11368   24158
  -27.700  -46.300  -13.39  -28.13   21306   20727   -4932  -11391   24160
  -27.700  -46.200  -13.46  -28.19   21296   20710   -4958  -11413   24161
  -27.700  -46.100  -13.54  -28.25   21285   20694   -4984  -11436   24163
  -27.700  -46.000  -13.62  -28.31   21275   20677   -5009  -11459   24165
  -27.600  -50.000  -10.41  -25.99   21711   21354   -3924  -10587   24155
  -27.600  -49.900  -10.50  -26.04   21701   21338   -3953  -10605   24153
  -27.600  -49.800  -10.58  -26.09   21690   21322   -3982  -10623   24152
  -27.600  -49.700  -10.66  -26.14   21680   21306   -4011  -10641   24151
  -27.600  -49.600  -10.75  -26.19   21669   21289   -4040  -10660   24149
  -27.600  -49.500  -10.83  -26.24   21659   21273   -4069  -10678   24148
  -27.600  -49.400  -10.91  -26.29   21649   21257   -4098  -10697   24147
  -27.600  -49.300  -11.00  -26.35   21638   21241   -4127  -10716   24146
  -27.600  -49.200  -11.08  -26.40   21628   21225   -4156  -10735   24145
  -27.600  -49.100  -11.16  -26.45   21617   21209   -4184  -10754   24145
  -27.600  -49.000  -11.24  -26.50   21607   21192   -4213  -10773   24144
  -27.600  -48.900  -11.33  -26.55   21597   21176   -4241  -10793   24143
  -27.600  -48.800  -11.41  -26.61   21586   21160   -4270  -10812   24143
  -27.600  -48.700  -11.49  -26.66   21576   21143   -4298  -10832   24142
  -27.600  -48.600  -11.57  -26.71   21565   21127   -4326  -10852   24142
  -27.600  -48.500  -11.65  -26.77   21555   21111   -4354  -10872   24142
  -27.600  -48.400  -11.74  -26.82   21545   21094   -4382  -10892   24141
  -27.600  -48.300  -11.82  -26.87   21534   21078   -4410  -10912   24141
  -27.600  -48.200  -11.90  -26.93   21524   21062   -4438  -10932   24141
  -27.600  -48.100  -11.98  -26.98   21514   21045   -4466  -10953   24141
  -27.600  -48.000  -12.06  -27.04   21503   21029   -4493  -10974   24142
  -27.600  -47.900  -12.14  -27.09   21493   21012   -4521  -10994   24142
  -27.600  -47.800  -12.22  -27.15   21483   20996   -4548  -11015   24142
  -27.600  -47.700  -12.30  -27.20   21472   20979   -4575  -11036   24142
  -27.600  -47.600  -12.38  -27.26   21462   20963   -4603  -11058   24143
  -27.600  -47.500  -12.46  -27.31   21452   20946   -4630  -11079   24144
  -27.600  -47.400  -12.54  -27.37   21441   20929   -4657  -11100   24144
  -27.600  -47.300  -12.62  -27.43   21431   20913   -4683  -11122   24145
  -27.600  -47.200  -12.70  -27.48   21421   20896   -4710  -11144   24146
  -27.600  -47.100  -12.78  -27.54   21410   20880   -4737  -11165   24147
  -27.600  -47.000  -12.86  -27.60   21400   20863   -4764  -11187   24148
  -27.600  -46.900  -12.94  -27.66   21390   20846   -4790  -11209   24149
  -27.600  -46.800  -13.02  -27.72   21379   20830   -4816  -11232   24150
  -27.600  -46.700  -13.10  -27.77   21369   20813   -4843  -11254   24151
  -27.600  -46.600  -13.18  -27.83   21359   20796   -4869  -11276   24152
  -27.600  -46.500  -13.26  -27.89   21348   20779   -4895  -11299   24154
  -27.600  -46.400  -13.33  -27.95   21338   20763   -4921  -11322   24155
  -27.600  -46.300  -13.41  -28.01   21328   20746   -4947  -11344   24157
  -27.600  -46.200  -13.49  -28.07   21317   20729   -4972  -11367   24159
  -27.600  -46.100  -13.57  -28.13   21307   20712   -4998  -11390   24160
  -27.600  -46.000  -13.64  -28.19   21297   20696   -5024  -11413   24162
  -27.500  -50.000  -10.44  -25.87   21732   21373   -3938  -10537   24152
  -27.500  -49.900  -10.52  -25.92   21722   21356   -3967  -10555   24151
  -27.500  -49.800  -10.61  -25.97   21711   21340   -3997  -10574   24149
  -27.500  -49.700  -10.69  -26.02   21701   21324   -4026  -10592   24148
  -27.500  -49.600  -10.77  -26.07   21691   21308   -4055  -10610   24147
  -27.500  -49.500  -10.86  -26.12   21680   21292   -4084  -10629   24146
  -27.500  -49.400  -10.94  -26.17   21670   21276   -4113  -10648   24145
  -27.500  -49.300  -11.02  -26.22   21659   21260   -4142  -10667   24144
  -27.500  -49.200  -11.11  -26.27   21649   21244   -4170  -10686   24143
  -27.500  -49.100  -11.19  -26.32   21639   21227   -4199  -10705   24142
  -27.500  -49.000  -11.27  -26.37   21628   21211   -4228  -10725   24141
  -27.500  -48.900  -11.35  -26.43   21618   21195   -4256  -10744   24141
  -27.500  -48.800  -11.44  -26.48   21607   21178   -4284  -10764   24140
  -27.500  -48.700  -11.52  -26.53   21597   21162   -4313  -10783   24140
  -27.500  -48.600  -11.60  -26.59   21587   21146   -4341  -10803   24139
  -27.500  -48.500  -11.68  -26.64   21576   21129   -4369  -10823   24139
  -27.500  -48.400  -11.76  -26.69   21566   21113   -4397  -10844   24139
  -27.500  -48.300  -11.84  -26.75   21556   21097   -4425  -10864   24139
  -27.500  -48.200  -11.93  -26.80   21545   21080   -4452  -10884   24139
  -27.500  -48.100  -12.01  -26.86   21535   21064   -4480  -10905   24139
  -27.500  -48.000  -12.09  -26.91   21525   21047   -4508  -10926   24139
  -27.500  -47.900  -12.17  -26.97   21514   21031   -4535  -10947   24139
  -27.500  -47.800  -12.25  -27.02   21504   21014   -4563  -10968   24139
  -27.500  -47.700  -12.33  -27.08   21494   20998   -4590  -10989   24140
  -27.500  -47.600  -12.41  -27.13   21483   20981   -4617  -11010   24140
  -27.500  -47.500  -12.49  -27.19   21473   20965   -4644  -11031   24141
  -27.500  -47.400  -12.57  -27.25   21463   20948   -4671  -11053   24142
  -27.500  -47.300  -12.65  -27.30   21452   20932   -4698  -11075   24142
  -27.500  -47.200  -12.73  -27.36   21442   20915   -4725  -11096   24143
  -27.500  -47.100  -12.81  -27.42   21432   20898   -4751  -11118   24144
  -27.500  -47.000  -12.89  -27.48   21421   20882   -4778  -11140   24145
  -27.500  -46.900  -12.97  -27.53   21411   20865   -4804  -11162   24146
  -27.500  -46.800  -13.05  -27.59   21401   20848   -4831  -11185   24147
  -27.500  -46.700  -13.12  -27.65   21390   20832   -4857  -11207   24149
  -27.500  -46.600  -13.20  -27.71   21380   20815   -4883  -11230   24150
  -27.500  -46.500  -13.28  -27.77   21370   20798   -4909  -11252   24151
  -27.500  -46.400  -13.36  -27.83   21360   20782   -4935  -11275   24153
  -27.500  -46.300  -13.44  -27.89   21349   20765   -4961  -11298   24154
  -27.500  -46.200  -13.51  -27.95   21339   20748   -4987  -11321   24156
  -27.500  -46.100  -13.59  -28.01   21329   20731   -5012  -11344   24158
  -27.500  -46.000  -13.67  -28.07   21318   20714   -5038  -11367   24159
  -27.400  -50.000  -10.47  -25.74   21754   21391   -3953  -10488   24150
  -27.400  -49.900  -10.55  -25.79   21743   21375   -3982  -10506   24148
  -27.400  -49.800  -10.64  -25.84   21733   21359   -4011  -10524   24147
  -27.400  -49.700  -10.72  -25.89   21722   21343   -4040  -10543   24145
  -27.400  -49.600  -10.80  -25.94   21712   21327   -4069  -10561   24144
  -27.400  -49.500  -10.89  -25.99   21702   21311   -4098  -10580   24143
  -27.400  -49.400  -10.97  -26.04   21691   21295   -4127  -10599   24142
  -27.400  -49.300  -11.05  -26.09   21681   21279   -4156  -10618   24141
  -27.400  -49.200  -11.13  -26.14   21670   21262   -4185  -10637   24140
  -27.400  -49.100  -11.22  -26.20   21660   21246   -4213  -10656   24139
  -27.400  -49.000  -11.30  -26.25   21650   21230   -4242  -10676   24139
  -27.400  -48.900  -11.38  -26.30   21639   21214   -4270  -10695   24138
  -27.400  -48.800  -11.46  -26.35   21629   21197   -4299  -10715   24138
  -27.400  -48.700  -11.55  -26.41   21619   21181   -4327  -10735   24137
  -27.400  -48.600  -11.63  -26.46   21608   21165   -4355  -10755   24137
  -27.400  -48.500  -11.71  -26.51   21598   21148   -4383  -10775   24136
  -27.400  -48.400  -11.79  -26.57   21588   21132   -4411  -10795   24136
  -27.400  -48.300  -11.87  -26.62   21577   21116   -4439  -10816   24136
  -27.400  -48.200  -11.95  -26.68   21567   21099   -4467  -10836   24136
  -27.400  -48.100  -12.03  -26.73   21557   21083   -4495  -10857   24136
  -27.400  -48.000  -12.12  -26.79   21546   21066   -4522  -10878   24136
  -27.400  -47.900  -12.20  -26.84   21536   21050   -4550  -10899   24137
  -27.400  -47.800  -12.28  -26.90   21526   21033   -4577  -10920   24137
  -27.400  -47.700  -12.36  -26.95   21515   21017   -4604  -10941   24137
  -27.400  -47.600  -12.44  -27.01   21505   21000   -4631  -10962   24138
  -27.400  -47.500  -12.52  -27.07   21495   20984   -4659  -10984   24138
  -27.400  -47.400  -12.60  -27.12   21484   20967   -4685  -11005   24139
  -27.400  -47.300  -12.68  -27.18   21474   20951   -4712  -11027   24140
  -27.400  -47.200  -12.76  -27.24   21464   20934   -4739  -11049   24141
  -27.400  -47.100  -12.84  -27.30   21453   20917   -4766  -11071   24142
  -27.400  -47.000  -12.91  -27.35   21443   20901   -4792  -11093   24143
  -27.400  -46.900  -12.99  -27.41   21433   20884   -4819  -11115   24144
  -27.400  -46.800  -13.07  -27.47   21423   20867   -4845  -11138   24145
  -27.400  -46.700  -13.15  -27.53   21412   20851   -4871  -11160   24146
  -27.400  -46.600  -13.23  -27.59   21402   20834   -4898  -11183   24147
  -27.400  -46.500  -13.31  -27.65   21392   20817   -4924  -11206   24149
  -27.400  -46.400  -13.39  -27.71   21381   20800   -4950  -11228   24150
  -27.400  -46.300  -13.46  -27.77   21371   20784   -4976  -11251   24152
  -27.400  -46.200  -13.54  -27.83   21361   20767   -5001  -11274   24153
  -27.400  -46.100  -13.62  -27.89   21350   20750   -5027  -11298   24155
  -27.400  -46.000  -13.70  -27.95   21340   20733   -5052  -11321   24157
  -27.300  -50.000  -10.50  -25.61   21775   21411   -3967  -10438   24147
  -27.300  -49.900  -10.58  -25.66   21765   21394   -3996  -10456   24146
  -27.300  -49.800  -10.66  -25.71   21754   21378   -4026  -10474   24144
  -27.300  -49.700  -10.75  -25.76   21744   21362   -4055  -10493   24143
  -27.300  -49.600  -10.83  -25.81   21733   21346   -4084  -10512   24142
  -27.300  -49.500  -10.91  -25.86   21723   21330   -4113  -10531   24141
  -27.300  -49.400  -11.00  -25.91   21713   21314   -4142  -10549   24140
  -27.300  -49.300  -11.08  -25.97   21702   21298   -4171  -10569   24139
  -27.300  -49.200  -11.16  -26.02   21692   21282   -4199  -10588   24138
  -27.300  -49.100  -11.24  -26.07   21682   21265   -4228  -10607   24137
  -27.300  -49.000  -11.33  -26.12   21671   21249   -4256  -10627   24136
  -27.300  -48.900  -11.41  -26.17   21661   21233   -4285  -10646   24136
  -27.300  -48.800  -11.49  -26.23   21650   21216   -4313  -10666   24135
  -27.300  -48.700  -11.57  -26.28   21640   21200   -4341  -10686   24135
  -27.300  -48.600  -11.66  -26.33   21630   21184   -4370  -10706   24135
  -27.300  -48.500  -11.74  -26.39   21620   21168   -4398  -10727   24134
  -27.300  -48.400  -11.82  -26.44   21609   21151   -4426  -10747   24134
  -27.300  -48.300  -11.90  -26.50   21599   21135   -4454  -10767   24134
  -27.300  -48.200  -11.98  -26.55   21589   21118   -4481  -10788   24134
  -27.300  -48.100  -12.06  -26.61   21578   21102   -4509  -10809   24134
  -27.300  -48.000  -12.14  -26.66   21568   21085   -4537  -10830   24134
  -27.300  -47.900  -12.22  -26.72   21558   21069   -4564  -10851   24134
  -27.300  -47.800  -12.30  -26.77   21547   21052   -4591  -10872   24135
  -27.300  -47.700  -12.38  -26.83   21537   21036   -4619  -10893   24135
  -27.300  -47.600  -12.46  -26.89   21527   21019   -4646  -10915   24136
  -27.300  -47.500  -12.54  -26.94   21516   21003   -4673  -10936   24136
  -27.300  -47.400  -12.62  -27.00   21506   20986   -4700  -10958   24137
  -27.300  -47.300  -12.70  -27.06   21496   20970   -4727  -10980   24138
  -27.300  -47.200  -12.78  -27.11   21486   20953   -4754  -11002   24138
  -27.300  -47.100  -12.86  -27.17   21475   20936   -4780  -11024   24139
  -27.300  -47.000  -12.94  -27.23   21465   20920   -4807  -11046   24140
  -27.300  -46.900  -13.02  -27.29   21455   20903   -4833  -11068   24141
  -27.300  -46.800  -13.10  -27.35   21444   20886   -4860  -11091   24143
  -27.300  -46.700  -13.18  -27.41   21434   20870   -4886  -11113   24144
  -27.300  -46.600  -13.25  -27.46   21424   20853   -4912  -11136   24145
  -27.300  -46.500  -13.33  -27.52   21414   20836   -4938  -11159   24147
  -27.300  -46.400  -13.41  -27.58   21403   20820   -4964  -11182   24148
  -27.300  -46.300  -13.49  -27.64   21393   20803   -4990  -11205   24150
  -27.300  -46.200  -13.57  -27.70   21383   20786   -5016  -11228   24151
  -27.300  -46.100  -13.64  -27.76   21372   20769   -5041  -11251   24153
  -27.300  -46.000  -13.72  -27.82   21362   20752   -5067  -11275   24155
  -27.200  -50.000  -10.53  -25.48   21796   21430   -3981  -10388   24145
  -27.200  -49.900  -10.61  -25.53   21786   21414   -4011  -10406   24144
  -27.200  -49.800  -10.69  -25.58   21776   21398   -4040  -10425   24142
  -27.200  -49.700  -10.78  -25.63   21765   21382   -4069  -10443   24141
  -27.200  -49.600  -10.86  -25.68   21755   21365   -4098  -10462   24140
  -27.200  -49.500  -10.94  -25.73   21745   21349   -4127  -10481   24139
  -27.200  -49.400  -11.02  -25.79   21734   21333   -4156  -10500   24138
  -27.200  -49.300  -11.11  -25.84   21724   21317   -4185  -10519   24137
  -27.200  -49.200  -11.19  -25.89   21714   21301   -4214  -10539   24136
  -27.200  -49.100  -11.27  -25.94   21703   21285   -4242  -10558   24135
  -27.200  -49.000  -11.35  -25.99   21693   21268   -4271  -10578   24134
  -27.200  -48.900  -11.44  -26.05   21683   21252   -4299  -10597   24134
  -27.200  -48.800  -11.52  -26.10   21672   21236   -4328  -10617   24133
  -27.200  -48.700  -11.60  -26.15   21662   21219   -4356  -10637   24133
  -27.200  -48.600  -11.68  -26.21   21652   21203   -4384  -10658   24132
  -27.200  -48.500  -11.76  -26.26   21641   21187   -4412  -10678   24132
  -27.200  -48.400  -11.85  -26.32   21631   21170   -4440  -10698   24132
  -27.200  -48.300  -11.93  -26.37   21621   21154   -4468  -10719   24132
  -27.200  -48.200  -12.01  -26.43   21610   21138   -4496  -10740   24132
  -27.200  -48.100  -12.09  -26.48   21600   21121   -4523  -10760   24132
  -27.200  -48.000  -12.17  -26.54   21590   21105   -4551  -10781   24132
  -27.200  -47.900  -12.25  -26.59   21579   21088   -4578  -10803   24132
  -27.200  -47.800  -12.33  -26.65   21569   21072   -4606  -10824   24133
  -27.200  -47.700  -12.41  -26.70   21559   21055   -4633  -10845   24133
  -27.200  -47.600  -12.49  -26.76   21549   21039   -4660  -10867   24134
  -27.200  -47.500  -12.57  -26.82   21538   21022   -4687  -10888   24134
  -27.200  -47.400  -12.65  -26.88   21528   21006   -4714  -10910   24135
  -27.200  -47.300  -12.73  -26.93   21518   20989   -4741  -10932   24136
  -27.200  -47.200  -12.81  -26.99   21508   20972   -4768  -10954   24136
  -27.200  -47.100  -12.89  -27.05   21497   20956   -4795  -10976   24137
  -27.200  -47.000  -12.97  -27.11   21487   20939   -4821  -10998   24138
  -27.200  -46.900  -13.05  -27.16   21477   20922   -4848  -11021   24139
  -27.200  -46.800  -13.12  -27.22   21466   20906   -4874  -11043   24140
  -27.200  -46.700  -13.20  -27.28   21456   20889   -4900  -11066   24142
  -27.200  -46.600  -13.28  -27.34   21446   20872   -4926  -11089   24143
  -27.200  -46.500  -13.36  -27.40   21436   20856   -4952  -11112   24144
  -27.200  -46.400  -13.44  -27.46   21425   20839   -4978  -11135   24146
  -27.200  -46.300  -13.51  -27.52   21415   20822   -5004  -11158   24147
  -27.200  -46.200  -13.59  -27.58   21405   20805   -5030  -11181   24149
  -27.200  -46.100  -13.67  -27.64   21394   20788   -5056  -11204   24151
  -27.200  -46.000  -13.75  -27.70   21384   20772   -5081  -11228   24153
  -27.100  -50.000  -10.55  -25.35   21818   21449   -3996  -10338   24143
  -27.100  -49.900  -10.64  -25.40   21808   21433   -4025  -10356   24142
  -27.100  -49.800  -10.72  -25.45   21797   21417   -4055  -10375   24141
  -27.100  -49.700  -10.80  -25.50   21787   21401   -4084  -10394   24139
  -27.100  -49.600  -10.89  -25.55   21777   21385   -4113  -10412   24138
  -27.100  -49.500  -10.97  -25.61   21766   21369   -4142  -10431   24137
  -27.100  -49.400  -11.05  -25.66   21756   21352   -4171  -10451   24136
  -27.100  -49.300  -11.13  -25.71   21746   21336   -4199  -10470   24135
  -27.100  -49.200  -11.22  -25.76   21735   21320   -4228  -10489   24134
  -27.100  -49.100  -11.30  -25.81   21725   21304   -4257  -10509   24133
  -27.100  -49.000  -11.38  -25.87   21715   21288   -4285  -10528   24132
  -27.100  -48.900  -11.46  -25.92   21704   21271   -4314  -10548   24132
  -27.100  -48.800  -11.55  -25.97   21694   21255   -4342  -10568   24131
  -27.100  -48.700  -11.63  -26.03   21684   21239   -4370  -10588   24131
  -27.100  -48.600  -11.71  -26.08   21673   21222   -4399  -10609   24131
  -27.100  -48.500  -11.79  -26.13   21663   21206   -4427  -10629   24130
  -27.100  -48.400  -11.87  -26.19   21653   21190   -4455  -10650   24130
  -27.100  -48.300  -11.95  -26.24   21643   21173   -4482  -10670   24130
  -27.100  -48.200  -12.03  -26.30   21632   21157   -4510  -10691   24130
  -27.100  -48.100  -12.11  -26.35   21622   21140   -4538  -10712   24130
  -27.100  -48.000  -12.20  -26.41   21612   21124   -4565  -10733   24130
  -27.100  -47.900  -12.28  -26.47   21601   21108   -4593  -10754   24130
  -27.100  -47.800  -12.36  -26.52   21591   21091   -4620  -10776   24131
  -27.100  -47.700  -12.44  -26.58   21581   21075   -4648  -10797   24131
  -27.100  -47.600  -12.52  -26.64   21571   21058   -4675  -10819   24132
  -27.100  -47.500  -12.60  -26.69   21560   21041   -4702  -10840   24132
  -27.100  -47.400  -12.68  -26.75   21550   21025   -4729  -10862   24133
  -27.100  -47.300  -12.75  -26.81   21540   21008   -4756  -10884   24134
  -27.100  -47.200  -12.83  -26.87   21530   20992   -4782  -10906   24134
  -27.100  -47.100  -12.91  -26.92   21519   20975   -4809  -10929   24135
  -27.100  -47.000  -12.99  -26.98   21509   20958   -4836  -10951   24136
  -27.100  -46.900  -13.07  -27.04   21499   20942   -4862  -10973   24137
  -27.100  -46.800  -13.15  -27.10   21489   20925   -4888  -10996   24139
  -27.100  -46.700  -13.23  -27.16   21478   20908   -4915  -11019   24140
  -27.100  -46.600  -13.31  -27.22   21468   20892   -4941  -11042   24141
  -27.100  -46.500  -13.38  -27.28   21458   20875   -4967  -11065   24142
  -27.100  -46.400  -13.46  -27.34   21447   20858   -4993  -11088   24144
  -27.100  -46.300  -13.54  -27.40   21437   20841   -5019  -11111   24146
  -27.100  -46.200  -13.62  -27.46   21427   20825   -5044  -11134   24147
  -27.100  -46.100  -13.69  -27.52   21417   20808   -5070  -11158   24149
  -27.100  -46.000  -13.77  -27.58   21406   20791   -5096  -11181   24151
  -27.000  -50.000  -10.58  -25.22   21840   21469   -4010  -10288   24142
  -27.000  -49.900  -10.66  -25.27   21830   21453   -4040  -10306   24140
  -27.000  -49.800  -10.75  -25.32   21819   21436   -4069  -10325   24139
  -27.000  -49.700  -10.83  -25.37   21809   21420   -4098  -10344   24137
  -27.000  -49.600  -10.91  -25.43   21799   21404   -4127  -10363   24136
  -27.000  -49.500  -11.00  -25.48   21788   21388   -4156  -10382   24135
  -27.000  -49.400  -11.08  -25.53   21778   21372   -4185  -10401   24134
  -27.000  -49.300  -11.16  -25.58   21768   21356   -4214  -10420   24133
  -27.000  -49.200  -11.24  -25.63   21757   21340   -4243  -10440   24132
  -27.000  -49.100  -11.33  -25.69   21747   21323   -4271  -10459   24131
  -27.000  -49.000  -11.41  -25.74   21737   21307   -4300  -10479   24131
  -27.000  -48.900  -11.49  -25.79   21726   21291   -4328  -10499   24130
  -27.000  -48.800  -11.57  -25.85   21716   21275   -4357  -10519   24130
  -27.000  -48.700  -11.65  -25.90   21706   21258   -4385  -10539   24129
  -27.000  -48.600  -11.74  -25.95   21695   21242   -4413  -10560   24129
  -27.000  -48.500  -11.82  -26.01   21685   21226   -4441  -10580   24129
  -27.000  -48.400  -11.90  -26.06   21675   21209   -4469  -10601   24128
  -27.000  -48.300  -11.98  -26.12   21665   21193   -4497  -10622   24128
  -27.000  -48.200  -12.06  -26.17   21654   21176   -4525  -10642   24128
  -27.000  -48.100  -12.14  -26.23   21644   21160   -4552  -10663   24128
  -27.000  -48.000  -12.22  -26.28   21634   21144   -4580  -10685   24128
  -27.000  -47.900  -12.30  -26.34   21624   21127   -4607  -10706   24129
  -27.000  -47.800  -12.38  -26.40   21613   21111   -4635  -10727   24129
  -27.000  -47.700  -12.46  -26.45   21603   21094   -4662  -10749   24129
  -27.000  -47.600  -12.54  -26.51   21593   21078   -4689  -10771   24130
  -27.000  -47.500  -12.62  -26.57   21583   21061   -4716  -10792   24131
  -27.000  -47.400  -12.70  -26.62   21572   21044   -4743  -10814   24131
  -27.000  -47.300  -12.78  -26.68   21562   21028   -4770  -10836   24132
  -27.000  -47.200  -12.86  -26.74   21552   21011   -4797  -10859   24133
  -27.000  -47.100  -12.94  -26.80   21542   20995   -4823  -10881   24134
  -27.000  -47.000  -13.02  -26.86   21531   20978   -4850  -10903   24135
  -27.000  -46.900  -13.10  -26.92   21521   20961   -4876  -10926   24136
  -27.000  -46.800  -13.17  -26.98   21511   20945   -4903  -10949   24137
  -27.000  -46.700  -13.25  -27.03   21501   20928   -4929  -10971   24138
  -27.000  -46.600  -13.33  -27.09   21490   20911   -4955  -10994   24139
  -27.000  -46.500  -13.41  -27.15   21480   20895   -4981  -11017   24141
  -27.000  -46.400  -13.49  -27.21   21470   20878   -5007  -11041   24142
  -27.000  -46.300  -13.56  -27.27   21460   20861   -5033  -11064   24144
  -27.000  -46.200  -13.64  -27.33   21449   20844   -5059  -11087   24145
  -27.000  -46.100  -13.72  -27.40   21439   20827   -5084  -11111   24147
  -27.000  -46.000  -13.80  -27.46   21429   20811   -5110  -11135   24149
  -26.900  -50.000  -10.61  -25.09   21862   21488   -4025  -10238   24140
  -26.900  -49.900  -10.69  -25.14   21852   21472   -4054  -10256   24139
  -26.900  -49.800  -10.78  -25.19   21841   21456   -4083  -10275   24137
  -26.900  -49.700  -10.86  -25.24   21831   21440   -4113  -10294   24136
  -26.900  -49.600  -10.94  -25.30   21821   21424   -4142  -10313   24135
  -26.900  -49.500  -11.02  -25.35   21810   21408   -4171  -10332   24134
  -26.900  -49.400  -11.11  -25.40   21800   21392   -4200  -10351   24133
  -26.900  -49.300  -11.19  -25.45   21790   21375   -4228  -10371   24132
  -26.900  -49.200  -11.27  -25.50   21779   21359   -4257  -10390   24131
  -26.900  -49.100  -11.35  -25.56   21769   21343   -4286  -10410   24130
  -26.900  -49.000  -11.44  -25.61   21759   21327   -4314  -10430   24129
  -26.900  -48.900  -11.52  -25.66   21748   21310   -4343  -10450   24129
  -26.900  -48.800  -11.60  -25.72   21738   21294   -4371  -10470   24128
  -26.900  -48.700  -11.68  -25.77   21728   21278   -4399  -10490   24128
  -26.900  -48.600  -11.76  -25.83   21718   21262   -4427  -10511   24127
  -26.900  -48.500  -11.84  -25.88   21707   21245   -4455  -10531   24127
  -26.900  -48.400  -11.93  -25.93   21697   21229   -4483  -10552   24127
  -26.900  -48.300  -12.01  -25.99   21687   21212   -4511  -10573   24127
  -26.900  -48.200  -12.09  -26.05   21677   21196   -4539  -10594   24127
  -26.900  -48.100  -12.17  -26.10   21666   21180   -4567  -10615   24127
  -26.900  -48.000  -12.25  -26.16   21656   21163   -4594  -10636   24127
  -26.900  -47.900  -12.33  -26.21   21646   21147   -4622  -10657   24127
  -26.900  -47.800  -12.41  -26.27   21636   21130   -4649  -10679   24128
  -26.900  -47.700  -12.49  -26.33   21625   21114   -4676  -10700   24128
  -26.900  -47.600  -12.57  -26.38   21615   21097   -4703  -10722   24128
  -26.900  -47.500  -12.65  -26.44   21605   21081   -4731  -10744   24129
  -26.900  -47.400  -12.73  -26.50   21595   21064   -4758  -10766   24130
  -26.900  -47.300  -12.81  -26.56   21584   21047   -4784  -10788   24130
  -26.900  -47.200  -12.89  -26.61   21574   21031   -4811  -10811   24131
  -26.900  -47.100  -12.96  -26.67   21564   21014   -4838  -10833   24132
  -26.900  -47.000  -13.04  -26.73   21554   20998   -4864  -10856   24133
  -26.900  -46.900  -13.12  -26.79   21543   20981   -4891  -10878   24134
  -26.900  -46.800  -13.20  -26.85   21533   20964   -4917  -10901   24135
  -26.900  -46.700  -13.28  -26.91   21523   20948   -4943  -10924   24136
  -26.900  -46.600  -13.36  -26.97   21513   20931   -4970  -10947   24138
  -26.900  -46.500  -13.43  -27.03   21503   20914   -4996  -10970   24139
  -26.900  -46.400  -13.51  -27.09   21492   20897   -5022  -10993   24141
  -26.900  -46.300  -13.59  -27.15   21482   20881   -5047  -11017   24142
  -26.900  -46.200  -13.67  -27.21   21472   20864   -5073  -11040   24144
  -26.900  -46.100  -13.74  -27.27   21462   20847   -5099  -11064   24146
  -26.900  -46.000  -13.82  -27.33   21451   20830   -5124  -11088   24147
  -26.800  -50.000  -10.64  -24.96   21884   21508   -4039  -10187   24139
  -26.800  -49.900  -10.72  -25.01   21874   21492   -4069  -10206   24137
  -26.800  -49.800  -10.80  -25.06   21863   21476   -4098  -10225   24136
  -26.800  -49.700  -10.89  -25.11   21853   21460   -4127  -10243   24135
  -26.800  -49.600  -10.97  -25.17   21843   21444   -4156  -10263   24133
  -26.800  -49.500  -11.05  -25.22   21832   21427   -4185  -10282   24132
  -26.800  -49.400  -11.13  -25.27   21822   21411   -4214  -10301   24131
  -26.800  -49.300  -11.22  -25.32   21812   21395   -4243  -10321   24130
  -26.800  -49.200  -11.30  -25.37   21801   21379   -4271  -10340   24129
  -26.800  -49.100  -11.38  -25.43   21791   21363   -4300  -10360   24129
  -26.800  -49.000  -11.46  -25.48   21781   21346   -4329  -10380   24128
  -26.800  -48.900  -11.54  -25.53   21771   21330   -4357  -10400   24127
  -26.800  -48.800  -11.63  -25.59   21760   21314   -4385  -10420   24127
  -26.800  -48.700  -11.71  -25.64   21750   21298   -4414  -10441   24126
  -26.800  -48.600  -11.79  -25.70   21740   21281   -4442  -10461   24126
  -26.800  -48.500  -11.87  -25.75   21730   21265   -4470  -10482   24126
  -26.800  -48.400  -11.95  -25.81   21719   21249   -4498  -10503   24126
  -26.800  -48.300  -12.03  -25.86   21709   21232   -4526  -10524   24125
  -26.800  -48.200  -12.11  -25.92   21699   21216   -4553  -10545   24125
  -26.800  -48.100  -12.19  -25.97   21689   21199   -4581  -10566   24125
  -26.800  -48.000  -12.27  -26.03   21678   21183   -4609  -10587   24126
  -26.800  -47.900  -12.35  -26.09   21668   21166   -4636  -10609   24126
  -26.800  -47.800  -12.43  -26.14   21658   21150   -4663  -10630   24126
  -26.800  -47.700  -12.51  -26.20   21648   21133   -4691  -10652   24127
  -26.800  -47.600  -12.59  -26.26   21638   21117   -4718  -10674   24127
  -26.800  -47.500  -12.67  -26.31   21627   21100   -4745  -10696   24128
  -26.800  -47.400  -12.75  -26.37   21617   21084   -4772  -10718   24128
  -26.800  -47.300  -12.83  -26.43   21607   21067   -4799  -10740   24129
  -26.800  -47.200  -12.91  -26.49   21597   21051   -4825  -10762   24130
  -26.800  -47.100  -12.99  -26.55   21586   21034   -4852  -10785   24131
  -26.800  -47.000  -13.07  -26.61   21576   21017   -4879  -10808   24132
  -26.800  -46.900  -13.15  -26.67   21566   21001   -4905  -10830   24133
  -26.800  -46.800  -13.23  -26.72   21556   20984   -4931  -10853   24134
  -26.800  -46.700  -13.30  -26.78   21546   20967   -4958  -10876   24135
  -26.800  -46.600  -13.38  -26.84   21535   20951   -4984  -10899   24136
  -26.800  -46.500  -13.46  -26.90   21525   20934   -5010  -10923   24138
  -26.800  -46.400  -13.54  -26.97   21515   20917   -5036  -10946   24139
  -26.800  -46.300  -13.61  -27.03   21505   20900   -5062  -10969   24141
  -26.800  -46.200  -13.69  -27.09   21494   20884   -5087  -10993   24142
  -26.800  -46.100  -13.77  -27.15   21484   20867   -5113  -11017   24144
  -26.800  -46.000  -13.84  -27.21   21474   20850   -5139  -11041   24146
  -26.700  -50.000  -10.66  -24.83   21906   21528   -4054  -10137   24138
  -26.700  -49.900  -10.75  -24.88   21896   21512   -4083  -10155   24136
  -26.700  -49.800  -10.83  -24.93   21886   21496   -4112  -10174   24135
  -26.700  -49.700  -10.91  -24.98   21875   21480   -4141  -10193   24134
  -26.700  -49.600  -11.00  -25.04   21865   21464   -4170  -10212   24132
  -26.700  -49.500  -11.08  -25.09   21855   21447   -4199  -10232   24131
  -26.700  -49.400  -11.16  -25.14   21844   21431   -4228  -10251   24130
  -26.700  -49.300  -11.24  -25.19   21834   21415   -4257  -10271   24129
  -26.700  -49.200  -11.33  -25.25   21824   21399   -4286  -10290   24128
  -26.700  -49.100  -11.41  -25.30   21814   21383   -4314  -10310   24127
  -26.700  -49.000  -11.49  -25.35   21803   21366   -4343  -10330   24127
  -26.700  -48.900  -11.57  -25.41   21793   21350   -4371  -10351   24126
  -26.700  -48.800  -11.65  -25.46   21783   21334   -4400  -10371   24126
  -26.700  -48.700  -11.73  -25.51   21773   21318   -4428  -10391   24125
  -26.700  -48.600  -11.82  -25.57   21762   21301   -4456  -10412   24125
  -26.700  -48.500  -11.90  -25.62   21752   21285   -4484  -10433   24125
  -26.700  -48.400  -11.98  -25.68   21742   21269   -4512  -10454   24124
  -26.700  -48.300  -12.06  -25.73   21732   21252   -4540  -10475   24124
  -26.700  -48.200  -12.14  -25.79   21721   21236   -4568  -10496   24124
  -26.700  -48.100  -12.22  -25.85   21711   21219   -4595  -10517   24124
  -26.700  -48.000  -12.30  -25.90   21701   21203   -4623  -10538   24124
  -26.700  -47.900  -12.38  -25.96   21691   21186   -4650  -10560   24125
  -26.700  -47.800  -12.46  -26.02   21681   21170   -4678  -10582   24125
  -26.700  -47.700  -12.54  -26.07   21670   21153   -4705  -10603   24125
  -26.700  -47.600  -12.62  -26.13   21660   21137   -4732  -10625   24126
  -26.700  -47.500  -12.70  -26.19   21650   21120   -4759  -10647   24126
  -26.700  -47.400  -12.78  -26.25   21640   21104   -4786  -10670   24127
  -26.700  -47.300  -12.86  -26.30   21630   21087   -4813  -10692   24128
  -26.700  -47.200  -12.94  -26.36   21619   21071   -4840  -10714   24129
  -26.700  -47.100  -13.01  -26.42   21609   21054   -4866  -10737   24130
  -26.700  -47.000  -13.09  -26.48   21599   21037   -4893  -10760   24130
  -26.700  -46.900  -13.17  -26.54   21589   21021   -4919  -10782   24132
  -26.700  -46.800  -13.25  -26.60   21578   21004   -4946  -10805   24133
  -26.700  -46.700  -13.33  -26.66   21568   20987   -4972  -10828   24134
  -26.700  -46.600  -13.41  -26.72   21558   20971   -4998  -10852   24135
  -26.700  -46.500  -13.48  -26.78   21548   20954   -5024  -10875   24137
  -26.700  -46.400  -13.56  -26.84   21538   20937   -5050  -10898   24138
  -26.700  -46.300  -13.64  -26.90   21527   20920   -5076  -10922   24140
  -26.700  -46.200  -13.72  -26.96   21517   20904   -5102  -10946   24141
  -26.700  -46.100  -13.79  -27.02   21507   20887   -5127  -10969   24143
  -26.700  -46.000  -13.87  -27.08   21497   20870   -5153  -10993   24145
  -26.600  -50.000  -10.69  -24.70   21928   21548   -4068  -10086   24137
  -26.600  -49.900  -10.77  -24.75   21918   21532   -4097  -10105   24135
  -26.600  -49.800  -10.86  -24.80   21908   21516   -4127  -10124   24134
  -26.600  -49.700  -10.94  -24.85   21898   21500   -4156  -10143   24133
  -26.600  -49.600  -11.02  -24.90   21887   21484   -4185  -10162   24131
  -26.600  -49.500  -11.11  -24.96   21877   21467   -4214  -10181   24130
  -26.600  -49.400  -11.19  -25.01   21867   21451   -4243  -10201   24129
  -26.600  -49.300  -11.27  -25.06   21857   21435   -4271  -10221   24128
  -26.600  -49.200  -11.35  -25.11   21846   21419   -4300  -10240   24127
  -26.600  -49.100  -11.43  -25.17   21836   21403   -4329  -10260   24127
  -26.600  -49.000  -11.52  -25.22   21826   21386   -4357  -10281   24126
  -26.600  -48.900  -11.60  -25.28   21816   21370   -4386  -10301   24125
  -26.600  -48.800  -11.68  -25.33   21805   21354   -4414  -10321   24125
  -26.600  -48.700  -11.76  -25.38   21795   21338   -4442  -10342   24124
  -26.600  -48.600  -11.84  -25.44   21785   21321   -4470  -10362   24124
  -26.600  -48.500  -11.92  -25.49   21775   21305   -4499  -10383   24124
  -26.600  -48.400  -12.00  -25.55   21764   21289   -4526  -10404   24123
  -26.600  -48.300  -12.08  -25.61   21754   21272   -4554  -10425   24123
  -26.600  -48.200  -12.17  -25.66   21744   21256   -4582  -10446   24123
  -26.600  -48.100  -12.25  -25.72   21734   21239   -4610  -10468   24123
  -26.600  -48.000  -12.33  -25.77   21724   21223   -4637  -10489   24123
  -26.600  -47.900  -12.41  -25.83   21713   21206   -4665  -10511   24124
  -26.600  -47.800  -12.49  -25.89   21703   21190   -4692  -10533   24124
  -26.600  -47.700  -12.57  -25.94   21693   21173   -4719  -10555   24124
  -26.600  -47.600  -12.64  -26.00   21683   21157   -4747  -10577   24125
  -26.600  -47.500  -12.72  -26.06   21673   21140   -4774  -10599   24125
  -26.600  -47.400  -12.80  -26.12   21662   21124   -4801  -10621   24126
  -26.600  -47.300  -12.88  -26.18   21652   21107   -4827  -10643   24127
  -26.600  -47.200  -12.96  -26.24   21642   21091   -4854  -10666   24128
  -26.600  -47.100  -13.04  -26.29   21632   21074   -4881  -10689   24129
  -26.600  -47.000  -13.12  -26.35   21622   21057   -4907  -10711   24129
  -26.600  -46.900  -13.20  -26.41   21612   21041   -4934  -10734   24131
  -26.600  -46.800  -13.27  -26.47   21601   21024   -4960  -10757   24132
  -26.600  -46.700  -13.35  -26.53   21591   21007   -4986  -10781   24133
  -26.600  -46.600  -13.43  -26.59   21581   20991   -5013  -10804   24134
  -26.600  -46.500  -13.51  -26.65   21571   20974   -5039  -10827   24136
  -26.600  -46.400  -13.59  -26.71   21561   20957   -5064  -10851   24137
  -26.600  -46.300  -13.66  -26.78   21550   20941   -5090  -10874   24139
  -26.600  -46.200  -13.74  -26.84   21540   20924   -5116  -10898   24140
  -26.600  -46.100  -13.82  -26.90   21530   20907   -5142  -10922   24142
  -26.600  -46.000  -13.89  -26.96   21520   20890   -5167  -10946   24144
  -26.500  -50.000  -10.72  -24.57   21951   21568   -4082  -10035   24136
  -26.500  -49.900  -10.80  -24.62   21941   21552   -4112  -10054   24135
  -26.500  -49.800  -10.88  -24.67   21930   21536   -4141  -10073   24133
  -26.500  -49.700  -10.97  -24.72   21920   21520   -4170  -10092   24132
  -26.500  -49.600  -11.05  -24.77   21910   21504   -4199  -10112   24131
  -26.500  -49.500  -11.13  -24.83   21900   21488   -4228  -10131   24129
  -26.500  -49.400  -11.21  -24.88   21889   21471   -4257  -10151   24128
  -26.500  -49.300  -11.30  -24.93   21879   21455   -4286  -10170   24127
  -26.500  -49.200  -11.38  -24.98   21869   21439   -4315  -10190   24127
  -26.500  -49.100  -11.46  -25.04   21859   21423   -4343  -10210   24126
  -26.500  -49.000  -11.54  -25.09   21848   21407   -4372  -10231   24125
  -26.500  -48.900  -11.62  -25.15   21838   21390   -4400  -10251   24124
  -26.500  -48.800  -11.71  -25.20   21828   21374   -4428  -10271   24124
  -26.500  -48.700  -11.79  -25.25   21818   21358   -4457  -10292   24123
  -26.500  -48.600  -11.87  -25.31   21808   21341   -4485  -10313   24123
  -26.500  -48.500  -11.95  -25.36   21797   21325   -4513  -10334   24123
  -26.500  -48.400  -12.03  -25.42   21787   21309   -4541  -10355   24123
  -26.500  -48.300  -12.11  -25.48   21777   21292   -4569  -10376   24123
  -26.500  -48.200  -12.19  -25.53   21767   21276   -4596  -10397   24122
  -26.500  -48.100  -12.27  -25.59   21757   21260   -4624  -10419   24123
  -26.500  -48.000  -12.35  -25.65   21746   21243   -4652  -10440   24123
  -26.500  -47.900  -12.43  -25.70   21736   21227   -4679  -10462   24123
  -26.500  -47.800  -12.51  -25.76   21726   21210   -4706  -10484   24123
  -26.500  -47.700  -12.59  -25.82   21716   21194   -4734  -10506   24124
  -26.500  -47.600  -12.67  -25.87   21706   21177   -4761  -10528   24124
  -26.500  -47.500  -12.75  -25.93   21696   21161   -4788  -10550   24125
  -26.500  -47.400  -12.83  -25.99   21685   21144   -4815  -10572   24125
  -26.500  -47.300  -12.91  -26.05   21675   21127   -4842  -10595   24126
  -26.500  -47.200  -12.99  -26.11   21665   21111   -4868  -10617   24127
  -26.500  -47.100  -13.06  -26.17   21655   21094   -4895  -10640   24128
  -26.500  -47.000  -13.14  -26.23   21645   21078   -4922  -10663   24129
  -26.500  -46.900  -13.22  -26.29   21634   21061   -4948  -10686   24130
  -26.500  -46.800  -13.30  -26.35   21624   21044   -4974  -10709   24131
  -26.500  -46.700  -13.38  -26.41   21614   21028   -5001  -10732   24132
  -26.500  -46.600  -13.45  -26.47   21604   21011   -5027  -10756   24133
  -26.500  -46.500  -13.53  -26.53   21594   20994   -5053  -10779   24135
  -26.500  -46.400  -13.61  -26.59   21584   20977   -5079  -10803   24136
  -26.500  -46.300  -13.69  -26.65   21573   20961   -5105  -10827   24138
  -26.500  -46.200  -13.76  -26.71   21563   20944   -5130  -10851   24139
  -26.500  -46.100  -13.84  -26.77   21553   20927   -5156  -10874   24141
  -26.500  -46.000  -13.92  -26.84   21543   20910   -5181  -10899   24143
  -26.400  -50.000  -10.74  -24.44   21974   21588   -4097   -9984   24135
  -26.400  -49.900  -10.83  -24.49   21963   21572   -4126  -10003   24134
  -26.400  -49.800  -10.91  -24.54   21953   21556   -4155  -10022   24133
  -26.400  -49.700  -10.99  -24.59   21943   21540   -4184  -10041   24131
  -26.400  -49.600  -11.08  -24.64   21933   21524   -4214  -10061   24130
  -26.400  -49.500  -11.16  -24.69   21922   21508   -4243  -10080   24129
  -26.400  -49.400  -11.24  -24.75   21912   21492   -4271  -10100   24128
  -26.400  -49.300  -11.32  -24.80   21902   21476   -4300  -10120   24127
  -26.400  -49.200  -11.41  -24.85   21892   21459   -4329  -10140   24126
  -26.400  -49.100  -11.49  -24.91   21881   21443   -4358  -10160   24125
  -26.400  -49.000  -11.57  -24.96   21871   21427   -4386  -10180   24124
  -26.400  -48.900  -11.65  -25.01   21861   21411   -4414  -10201   24124
  -26.400  -48.800  -11.73  -25.07   21851   21394   -4443  -10221   24123
  -26.400  -48.700  -11.81  -25.12   21841   21378   -4471  -10242   24123
  -26.400  -48.600  -11.89  -25.18   21830   21362   -4499  -10263   24123
  -26.400  -48.500  -11.97  -25.23   21820   21345   -4527  -10284   24122
  -26.400  -48.400  -12.06  -25.29   21810   21329   -4555  -10305   24122
  -26.400  -48.300  -12.14  -25.35   21800   21313   -4583  -10326   24122
  -26.400  -48.200  -12.22  -25.40   21790   21296   -4611  -10348   24122
  -26.400  -48.100  -12.30  -25.46   21780   21280   -4638  -10369   24122
  -26.400  -48.000  -12.38  -25.52   21769   21263   -4666  -10391   24122
  -26.400  -47.900  -12.46  -25.57   21759   21247   -4693  -10413   24122
  -26.400  -47.800  -12.54  -25.63   21749   21230   -4721  -10435   24123
  -26.400  -47.700  -12.62  -25.69   21739   21214   -4748  -10457   24123
  -26.400  -47.600  -12.70  -25.75   21729   21197   -4775  -10479   24123
  -26.400  -47.500  -12.77  -25.80   21719   21181   -4802  -10501   24124
  -26.400  -47.400  -12.85  -25.86   21708   21164   -4829  -10524   24125
  -26.400  -47.300  -12.93  -25.92   21698   21148   -4856  -10546   24125
  -26.400  -47.200  -13.01  -25.98   21688   21131   -4883  -10569   24126
  -26.400  -47.100  -13.09  -26.04   21678   21115   -4909  -10592   24127
  -26.400  -47.000  -13.17  -26.10   21668   21098   -4936  -10615   24128
  -26.400  -46.900  -13.25  -26.16   21658   21081   -4962  -10638   24129
  -26.400  -46.800  -13.32  -26.22   21647   21065   -4989  -10661   24130
  -26.400  -46.700  -13.40  -26.28   21637   21048   -5015  -10684   24131
  -26.400  -46.600  -13.48  -26.34   21627   21031   -5041  -10708   24133
  -26.400  -46.500  -13.56  -26.40   21617   21015   -5067  -10731   24134
  -26.400  -46.400  -13.63  -26.46   21607   20998   -5093  -10755   24135
  -26.400  -46.300  -13.71  -26.52   21597   20981   -5119  -10779   24137
  -26.400  -46.200  -13.79  -26.59   21586   20964   -5145  -10803   24139
  -26.400  -46.100  -13.86  -26.65   21576   20948   -5170  -10827   24140
  -26.400  -46.000  -13.94  -26.71   21566   20931   -5196  -10851   24142
  -26.300  -50.000  -10.77  -24.30   21996   21609   -4111   -9933   24135
  -26.300  -49.900  -10.85  -24.35   21986   21593   -4140   -9952   24134
  -26.300  -49.800  -10.94  -24.41   21976   21577   -4170   -9971   24132
  -26.300  -49.700  -11.02  -24.46   21966   21561   -4199   -9991   24131
  -26.300  -49.600  -11.10  -24.51   21955   21544   -4228  -10010   24130
  -26.300  -49.500  -11.18  -24.56   21945   21528   -4257  -10030   24129
  -26.300  -49.400  -11.27  -24.62   21935   21512   -4286  -10050   24127
  -26.300  -49.300  -11.35  -24.67   21925   21496   -4315  -10070   24126
  -26.300  -49.200  -11.43  -24.72   21914   21480   -4343  -10090   24126
  -26.300  -49.100  -11.51  -24.78   21904   21464   -4372  -10110   24125
  -26.300  -49.000  -11.59  -24.83   21894   21447   -4400  -10130   24124
  -26.300  -48.900  -11.68  -24.88   21884   21431   -4429  -10151   24123
  -26.300  -48.800  -11.76  -24.94   21874   21415   -4457  -10171   24123
  -26.300  -48.700  -11.84  -24.99   21864   21399   -4485  -10192   24122
  -26.300  -48.600  -11.92  -25.05   21853   21382   -4514  -10213   24122
  -26.300  -48.500  -12.00  -25.10   21843   21366   -4542  -10234   24122
  -26.300  -48.400  -12.08  -25.16   21833   21349   -4569  -10255   24122
  -26.300  -48.300  -12.16  -25.22   21823   21333   -4597  -10277   24122
  -26.300  -48.200  -12.24  -25.27   21813   21317   -4625  -10298   24121
  -26.300  -48.100  -12.32  -25.33   21803   21300   -4653  -10320   24122
  -26.300  -48.000  -12.40  -25.39   21792   21284   -4680  -10341   24122
  -26.300  -47.900  -12.48  -25.44   21782   21267   -4708  -10363   24122
  -26.300  -47.800  -12.56  -25.50   21772   21251   -4735  -10385   24122
  -26.300  -47.700  -12.64  -25.56   21762   21234   -4762  -10407   24123
  -26.300  -47.600  -12.72  -25.62   21752   21218   -4789  -10430   24123
  -26.300  -47.500  -12.80  -25.68   21742   21201   -4817  -10452   24124
  -26.300  -47.400  -12.88  -25.73   21731   21185   -4843  -10475   24124
  -26.300  -47.300  -12.96  -25.79   21721   21168   -4870  -10497   24125
  -26.300  -47.200  -13.04  -25.85   21711   21152   -4897  -10520   24126
  -26.300  -47.100  -13.11  -25.91   21701   21135   -4924  -10543   24127
  -26.300  -47.000  -13.19  -25.97   21691   21118   -4950  -10566   24128
  -26.300  -46.900  -13.27  -26.03   21681   21102   -4977  -10589   24129
  -26.300  -46.800  -13.35  -26.09   21671   21085   -5003  -10613   24130
  -26.300  -46.700  -13.43  -26.15   21660   21068   -5029  -10636   24131
  -26.300  -46.600  -13.50  -26.21   21650   21052   -5055  -10660   24132
  -26.300  -46.500  -13.58  -26.27   21640   21035   -5081  -10683   24133
  -26.300  -46.400  -13.66  -26.34   21630   21018   -5107  -10707   24135
  -26.300  -46.300  -13.73  -26.40   21620   21002   -5133  -10731   24136
  -26.300  -46.200  -13.81  -26.46   21610   20985   -5159  -10755   24138
  -26.300  -46.100  -13.89  -26.52   21599   20968   -5184  -10779   24140
  -26.300  -46.000  -13.96  -26.58   21589   20951   -5210  -10803   24141
  -26.200  -50.000  -10.80  -24.17   22019   21629   -4125   -9882   24135
  -26.200  -49.900  -10.88  -24.22   22009   21613   -4155   -9901   24133
  -26.200  -49.800  -10.96  -24.27   21999   21597   -4184   -9920   24132
  -26.200  -49.700  -11.05  -24.32   21988   21581   -4213   -9940   24131
  -26.200  -49.600  -11.13  -24.38   21978   21565   -4242   -9959   24129
  -26.200  -49.500  -11.21  -24.43   21968   21549   -4271   -9979   24128
  -26.200  -49.400  -11.29  -24.48   21958   21533   -4300   -9999   24127
  -26.200  -49.300  -11.38  -24.54   21948   21517   -4329  -10019   24126
  -26.200  -49.200  -11.46  -24.59   21937   21500   -4358  -10039   24125
  -26.200  -49.100  -11.54  -24.64   21927   21484   -4386  -10059   24125
  -26.200  -49.000  -11.62  -24.70   21917   21468   -4415  -10080   24124
  -26.200  -48.900  -11.70  -24.75   21907   21452   -4443  -10100   24123
  -26.200  -48.800  -11.78  -24.81   21897   21435   -4471  -10121   24123
  -26.200  -48.700  -11.86  -24.86   21887   21419   -4500  -10142   24122
  -26.200  -48.600  -11.94  -24.92   21876   21403   -4528  -10163   24122
  -26.200  -48.500  -12.03  -24.97   21866   21386   -4556  -10184   24122
  -26.200  -48.400  -12.11  -25.03   21856   21370   -4584  -10205   24121
  -26.200  -48.300  -12.19  -25.09   21846   21354   -4612  -10227   24121
  -26.200  -48.200  -12.27  -25.14   21836   21337   -4639  -10248   24121
  -26.200  -48.100  -12.35  -25.20   21826   21321   -4667  -10270   24121
  -26.200  -48.000  -12.43  -25.26   21816   21304   -4695  -10292   24121
  -26.200  -47.900  -12.51  -25.31   21805   21288   -4722  -10314   24122
  -26.200  -47.800  -12.59  -25.37   21795   21272   -4749  -10336   24122
  -26.200  -47.700  -12.67  -25.43   21785   21255   -4777  -10358   24122
  -26.200  -47.600  -12.74  -25.49   21775   21239   -4804  -10381   24123
  -26.200  -47.500  -12.82  -25.55   21765   21222   -4831  -10403   24123
  -26.200  -47.400  -12.90  -25.61   21755   21205   -4858  -10426   24124
  -26.200  -47.300  -12.98  -25.66   21745   21189   -4885  -10448   24125
  -26.200  -47.200  -13.06  -25.72   21734   21172   -4911  -10471   24125
  -26.200  -47.100  -13.14  -25.78   21724   21156   -4938  -10494   24126
  -26.200  -47.000  -13.22  -25.84   21714   21139   -4965  -10517   24127
  -26.200  -46.900  -13.29  -25.90   21704   21122   -4991  -10541   24128
  -26.200  -46.800  -13.37  -25.96   21694   21106   -5017  -10564   24129
  -26.200  -46.700  -13.45  -26.02   21684   21089   -5044  -10588   24131
  -26.200  -46.600  -13.53  -26.09   21674   21072   -5070  -10611   24132
  -26.200  -46.500  -13.60  -26.15   21664   21056   -5096  -10635   24133
  -26.200  -46.400  -13.68  -26.21   21653   21039   -5122  -10659   24135
  -26.200  -46.300  -13.76  -26.27   21643   21022   -5147  -10683   24136
  -26.200  -46.200  -13.84  -26.33   21633   21005   -5173  -10707   24138
  -26.200  -46.100  -13.91  -26.39   21623   20989   -5199  -10731   24139
  -26.200  -46.000  -13.99  -26.46   21613   20972   -5224  -10755   24141
  -26.100  -50.000  -10.82  -24.04   22042   21650   -4140   -9830   24135
  -26.100  -49.900  -10.91  -24.09   22032   21634   -4169   -9850   24133
  -26.100  -49.800  -10.99  -24.14   22022   21618   -4198   -9869   24132
  -26.100  -49.700  -11.07  -24.19   22012   21602   -4227   -9889   24131
  -26.100  -49.600  -11.16  -24.24   22001   21586   -4256   -9908   24129
  -26.100  -49.500  -11.24  -24.30   21991   21570   -4285   -9928   24128
  -26.100  -49.400  -11.32  -24.35   21981   21553   -4314   -9948   24127
  -26.100  -49.300  -11.40  -24.40   21971   21537   -4343   -9968   24126
  -26.100  -49.200  -11.48  -24.46   21961   21521   -4372   -9988   24125
  -26.100  -49.100  -11.56  -24.51   21950   21505   -4400  -10009   24125
  -26.100  -49.000  -11.65  -24.57   21940   21489   -4429  -10029   24124
  -26.100  -48.900  -11.73  -24.62   21930   21472   -4457  -10050   24123
  -26.100  -48.800  -11.81  -24.68   21920   21456   -4486  -10071   24123
  -26.100  -48.700  -11.89  -24.73   21910   21440   -4514  -10092   24122
  -26.100  -48.600  -11.97  -24.79   21900   21423   -4542  -10113   24122
  -26.100  -48.500  -12.05  -24.84   21890   21407   -4570  -10134   24122
  -26.100  -48.400  -12.13  -24.90   21879   21391   -4598  -10155   24121
  -26.100  -48.300  -12.21  -24.95   21869   21374   -4626  -10177   24121
  -26.100  -48.200  -12.29  -25.01   21859   21358   -4654  -10199   24121
  -26.100  -48.100  -12.37  -25.07   21849   21342   -4681  -10220   24121
  -26.100  -48.000  -12.45  -25.13   21839   21325   -4709  -10242   24121
  -26.100  -47.900  -12.53  -25.18   21829   21309   -4736  -10264   24122
  -26.100  -47.800  -12.61  -25.24   21819   21292   -4764  -10286   24122
  -26.100  -47.700  -12.69  -25.30   21809   21276   -4791  -10309   24122
  -26.100  -47.600  -12.77  -25.36   21798   21259   -4818  -10331   24123
  -26.100  -47.500  -12.85  -25.42   21788   21243   -4845  -10354   24123
  -26.100  -47.400  -12.93  -25.48   21778   21226   -4872  -10376   24124
  -26.100  -47.300  -13.01  -25.54   21768   21210   -4899  -10399   24125
  -26.100  -47.200  -13.08  -25.59   21758   21193   -4926  -10422   24125
  -26.100  -47.100  -13.16  -25.65   21748   21176   -4952  -10445   24126
  -26.100  -47.000  -13.24  -25.71   21738   21160   -4979  -10469   24127
  -26.100  -46.900  -13.32  -25.78   21728   21143   -5005  -10492   24128
  -26.100  -46.800  -13.40  -25.84   21717   21127   -5032  -10515   24129
  -26.100  -46.700  -13.47  -25.90   21707   21110   -5058  -10539   24130
  -26.100  -46.600  -13.55  -25.96   21697   21093   -5084  -10563   24132
  -26.100  -46.500  -13.63  -26.02   21687   21076   -5110  -10586   24133
  -26.100  -46.400  -13.71  -26.08   21677   21060   -5136  -10610   24134
  -26.100  -46.300  -13.78  -26.14   21667   21043   -5162  -10634   24136
  -26.100  -46.200  -13.86  -26.20   21657   21026   -5187  -10659   24137
  -26.100  -46.100  -13.93  -26.27   21647   21009   -5213  -10683   24139
  -26.100  -46.000  -14.01  -26.33   21636   20993   -5238  -10707   24141
  -26.000  -50.000  -10.85  -23.90   22065   21671   -4154   -9779   24135
  -26.000  -49.900  -10.93  -23.95   22055   21655   -4183   -9798   24134
  -26.000  -49.800  -11.02  -24.01   22045   21639   -4213   -9818   24132
  -26.000  -49.700  -11.10  -24.06   22035   21623   -4242   -9837   24131
  -26.000  -49.600  -11.18  -24.11   22025   21606   -4271   -9857   24130
  -26.000  -49.500  -11.26  -24.16   22014   21590   -4300   -9877   24129
  -26.000  -49.400  -11.35  -24.22   22004   21574   -4329   -9897   24127
  -26.000  -49.300  -11.43  -24.27   21994   21558   -4357   -9917   24126
  -26.000  -49.200  -11.51  -24.32   21984   21542   -4386   -9938   24126
  -26.000  -49.100  -11.59  -24.38   21974   21526   -4415   -9958   24125
  -26.000  -49.000  -11.67  -24.43   21964   21509   -4443   -9979   24124
  -26.000  -48.900  -11.75  -24.49   21953   21493   -4472   -9999   24123
  -26.000  -48.800  -11.83  -24.54   21943   21477   -4500  -10020   24123
  -26.000  -48.700  -11.91  -24.60   21933   21461   -4528  -10041   24122
  -26.000  -48.600  -12.00  -24.65   21923   21444   -4556  -10062   24122
  -26.000  -48.500  -12.08  -24.71   21913   21428   -4584  -10084   24122
  -26.000  -48.400  -12.16  -24.77   21903   21412   -4612  -10105   24121
  -26.000  -48.300  -12.24  -24.82   21893   21395   -4640  -10127   24121
  -26.000  -48.200  -12.32  -24.88   21883   21379   -4668  -10149   24121
  -26.000  -48.100  -12.40  -24.94   21872   21362   -4696  -10170   24121
  -26.000  -48.000  -12.48  -25.00   21862   21346   -4723  -10192   24121
  -26.000  -47.900  -12.56  -25.05   21852   21330   -4751  -10215   24122
  -26.000  -47.800  -12.64  -25.11   21842   21313   -4778  -10237   24122
  -26.000  -47.700  -12.71  -25.17   21832   21297   -4805  -10259   24122
  -26.000  -47.600  -12.79  -25.23   21822   21280   -4832  -10282   24123
  -26.000  -47.500  -12.87  -25.29   21812   21264   -4859  -10304   24123
  -26.000  -47.400  -12.95  -25.35   21802   21247   -4886  -10327   24124
  -26.000  -47.300  -13.03  -25.41   21792   21230   -4913  -10350   24125
  -26.000  -47.200  -13.11  -25.47   21781   21214   -4940  -10373   24125
  -26.000  -47.100  -13.19  -25.53   21771   21197   -4967  -10396   24126
  -26.000  -47.000  -13.26  -25.59   21761   21181   -4993  -10420   24127
  -26.000  -46.900  -13.34  -25.65   21751   21164   -5019  -10443   24128
  -26.000  -46.800  -13.42  -25.71   21741   21147   -5046  -10467   24129
  -26.000  -46.700  -13.50  -25.77   21731   21131   -5072  -10490   24130
  -26.000  -46.600  -13.57  -25.83   21721   21114   -5098  -10514   24132
  -26.000  -46.500  -13.65  -25.89   21711   21097   -5124  -10538   24133
  -26.000  -46.400  -13.73  -25.95   21701   21081   -5150  -10562   24134
  -26.000  -46.300  -13.81  -26.01   21690   21064   -5176  -10586   24136
  -26.000  -46.200  -13.88  -26.08   21680   21047   -5202  -10610   24137
  -26.000  -46.100  -13.96  -26.14   21670   21030   -5227  -10635   24139
  -26.000  -46.000  -14.03  -26.20   21660   21014   -5253  -10659   24141
  -25.900  -50.000  -10.88  -23.77   22089   21692   -4168   -9727   24136
  -25.900  -49.900  -10.96  -23.82   22078   21676   -4198   -9747   24134
  -25.900  -49.800  -11.04  -23.87   22068   21660   -4227   -9766   24133
  -25.900  -49.700  -11.12  -23.92   22058   21644   -4256   -9786   24131
  -25.900  -49.600  -11.21  -23.98   22048   21627   -4285   -9806   24130
  -25.900  -49.500  -11.29  -24.03   22038   21611   -4314   -9826   24129
  -25.900  -49.400  -11.37  -24.08   22028   21595   -4343   -9846   24128
  -25.900  -49.300  -11.45  -24.14   22017   21579   -4372   -9866   24127
  -25.900  -49.200  -11.53  -24.19   22007   21563   -4400   -9887   24126
  -25.900  -49.100  -11.62  -24.25   21997   21547   -4429   -9907   24125
  -25.900  -49.000  -11.70  -24.30   21987   21530   -4458   -9928   24124
  -25.900  -48.900  -11.78  -24.36   21977   21514   -4486   -9949   24124
  -25.900  -48.800  -11.86  -24.41   21967   21498   -4514   -9970   24123
  -25.900  -48.700  -11.94  -24.47   21957   21482   -4543   -9991   24123
  -25.900  -48.600  -12.02  -24.52   21946   21465   -4571  -10012   24122
  -25.900  -48.500  -12.10  -24.58   21936   21449   -4599  -10033   24122
  -25.900  -48.400  -12.18  -24.64   21926   21433   -4627  -10055   24122
  -25.900  -48.300  -12.26  -24.69   21916   21416   -4654  -10077   24122
  -25.900  -48.200  -12.34  -24.75   21906   21400   -4682  -10098   24122
  -25.900  -48.100  -12.42  -24.81   21896   21383   -4710  -10120   24122
  -25.900  -48.000  -12.50  -24.86   21886   21367   -4737  -10142   24122
  -25.900  -47.900  -12.58  -24.92   21876   21351   -4765  -10165   24122
  -25.900  -47.800  -12.66  -24.98   21866   21334   -4792  -10187   24122
  -25.900  -47.700  -12.74  -25.04   21856   21318   -4819  -10209   24123
  -25.900  -47.600  -12.82  -25.10   21846   21301   -4847  -10232   24123
  -25.900  -47.500  -12.90  -25.16   21835   21285   -4874  -10255   24124
  -25.900  -47.400  -12.98  -25.22   21825   21268   -4901  -10278   24124
  -25.900  -47.300  -13.05  -25.28   21815   21251   -4927  -10301   24125
  -25.900  -47.200  -13.13  -25.34   21805   21235   -4954  -10324   24126
  -25.900  -47.100  -13.21  -25.40   21795   21218   -4981  -10347   24126
  -25.900  -47.000  -13.29  -25.46   21785   21202   -5007  -10370   24127
  -25.900  -46.900  -13.37  -25.52   21775   21185   -5034  -10394   24128
  -25.900  -46.800  -13.44  -25.58   21765   21168   -5060  -10418   24129
  -25.900  -46.700  -13.52  -25.64   21755   21152   -5086  -10441   24131
  -25.900  -46.600  -13.60  -25.70   21745   21135   -5112  -10465   24132
  -25.900  -46.500  -13.68  -25.76   21735   21118   -5138  -10489   24133
  -25.900  -46.400  -13.75  -25.82   21724   21102   -5164  -10513   24135
  -25.900  -46.300  -13.83  -25.89   21714   21085   -5190  -10538   24136
  -25.900  -46.200  -13.90  -25.95   21704   21068   -5216  -10562   24138
  -25.900  -46.100  -13.98  -26.01   21694   21051   -5241  -10586   24139
  -25.900  -46.000  -14.06  -26.07   21684   21035   -5267  -10611   24141
  -25.800  -50.000  -10.90  -23.63   22112   21713   -4183   -9675   24136
  -25.800  -49.900  -10.99  -23.68   22102   21697   -4212   -9695   24135
  -25.800  -49.800  -11.07  -23.74   22092   21681   -4241   -9715   24133
  -25.800  -49.700  -11.15  -23.79   22081   21665   -4270   -9734   24132
  -25.800  -49.600  -11.23  -23.84   22071   21648   -4299   -9754   24131
  -25.800  -49.500  -11.31  -23.90   22061   21632   -4328   -9774   24129
  -25.800  -49.400  -11.40  -23.95   22051   21616   -4357   -9795   24128
  -25.800  -49.300  -11.48  -24.00   22041   21600   -4386   -9815   24127
  -25.800  -49.200  -11.56  -24.06   22031   21584   -4415   -9835   24127
  -25.800  -49.100  -11.64  -24.11   22021   21568   -4443   -9856   24126
  -25.800  -49.000  -11.72  -24.17   22011   21551   -4472   -9877   24125
  -25.800  -48.900  -11.80  -24.22   22000   21535   -4500   -9898   24124
  -25.800  -48.800  -11.88  -24.28   21990   21519   -4529   -9919   24124
  -25.800  -48.700  -11.97  -24.33   21980   21503   -4557   -9940   24123
  -25.800  -48.600  -12.05  -24.39   21970   21486   -4585   -9961   24123
  -25.800  -48.500  -12.13  -24.45   21960   21470   -4613   -9983   24123
  -25.800  -48.400  -12.21  -24.50   21950   21454   -4641  -10004   24122
  -25.800  -48.300  -12.29  -24.56   21940   21437   -4669  -10026   24122
  -25.800  -48.200  -12.37  -24.62   21930   21421   -4696  -10048   24122
  -25.800  -48.100  -12.45  -24.67   21920   21405   -4724  -10070   24122
  -25.800  -48.000  -12.53  -24.73   21910   21388   -4752  -10092   24122
  -25.800  -47.900  -12.61  -24.79   21899   21372   -4779  -10115   24122
  -25.800  -47.800  -12.68  -24.85   21889   21355   -4806  -10137   24123
  -25.800  -47.700  -12.76  -24.91   21879   21339   -4834  -10160   24123
  -25.800  -47.600  -12.84  -24.97   21869   21322   -4861  -10182   24123
  -25.800  -47.500  -12.92  -25.03   21859   21306   -4888  -10205   24124
  -25.800  -47.400  -13.00  -25.09   21849   21289   -4915  -10228   24125
  -25.800  -47.300  -13.08  -25.15   21839   21273   -4942  -10251   24125
  -25.800  -47.200  -13.16  -25.21   21829   21256   -4968  -10274   24126
  -25.800  -47.100  -13.23  -25.27   21819   21239   -4995  -10298   24127
  -25.800  -47.000  -13.31  -25.33   21809   21223   -5022  -10321   24128
  -25.800  -46.900  -13.39  -25.39   21799   21206   -5048  -10345   24129
  -25.800  -46.800  -13.47  -25.45   21789   21190   -5074  -10368   24130
  -25.800  -46.700  -13.54  -25.51   21779   21173   -5100  -10392   24131
  -25.800  -46.600  -13.62  -25.57   21769   21156   -5127  -10416   24132
  -25.800  -46.500  -13.70  -25.63   21758   21140   -5153  -10440   24134
  -25.800  -46.400  -13.78  -25.70   21748   21123   -5179  -10465   24135
  -25.800  -46.300  -13.85  -25.76   21738   21106   -5204  -10489   24136
  -25.800  -46.200  -13.93  -25.82   21728   21089   -5230  -10513   24138
  -25.800  -46.100  -14.00  -25.88   21718   21073   -5256  -10538   24140
  -25.800  -46.000  -14.08  -25.95   21708   21056   -5281  -10563   24141
  -25.700  -50.000  -10.93  -23.50   22135   21734   -4197   -9624   24137
  -25.700  -49.900  -11.01  -23.55   22125   21718   -4226   -9643   24135
  -25.700  -49.800  -11.09  -23.60   22115   21702   -4255   -9663   24134
  -25.700  -49.700  -11.18  -23.65   22105   21686   -4285   -9683   24133
  -25.700  -49.600  -11.26  -23.71   22095   21670   -4314   -9703   24131
  -25.700  -49.500  -11.34  -23.76   22085   21654   -4343   -9723   24130
  -25.700  -49.400  -11.42  -23.82   22075   21637   -4371   -9743   24129
  -25.700  -49.300  -11.50  -23.87   22064   21621   -4400   -9764   24128
  -25.700  -49.200  -11.58  -23.92   22054   21605   -4429   -9784   24127
  -25.700  -49.100  -11.67  -23.98   22044   21589   -4458   -9805   24126
  -25.700  -49.000  -11.75  -24.03   22034   21573   -4486   -9826   24126
  -25.700  -48.900  -11.83  -24.09   22024   21556   -4515   -9847   24125
  -25.700  -48.800  -11.91  -24.14   22014   21540   -4543   -9868   24124
  -25.700  -48.700  -11.99  -24.20   22004   21524   -4571   -9889   24124
  -25.700  -48.600  -12.07  -24.26   21994   21508   -4599   -9911   24124
  -25.700  -48.500  -12.15  -24.31   21984   21491   -4627   -9932   24123
  -25.700  -48.400  -12.23  -24.37   21974   21475   -4655   -9954   24123
  -25.700  -48.300  -12.31  -24.43   21964   21459   -4683   -9976   24123
  -25.700  -48.200  -12.39  -24.48   21954   21442   -4711   -9998   24123
  -25.700  -48.100  -12.47  -24.54   21943   21426   -4738  -10020   24123
  -25.700  -48.000  -12.55  -24.60   21933   21409   -4766  -10042   24123
  -25.700  -47.900  -12.63  -24.66   21923   21393   -4793  -10064   24123
  -25.700  -47.800  -12.71  -24.72   21913   21376   -4821  -10087   24123
  -25.700  -47.700  -12.79  -24.78   21903   21360   -4848  -10110   24124
  -25.700  -47.600  -12.87  -24.84   21893   21343   -4875  -10132   24124
  -25.700  -47.500  -12.94  -24.89   21883   21327   -4902  -10155   24125
  -25.700  -47.400  -13.02  -24.95   21873   21310   -4929  -10178   24125
  -25.700  -47.300  -13.10  -25.01   21863   21294   -4956  -10201   24126
  -25.700  -47.200  -13.18  -25.07   21853   21277   -4983  -10225   24127
  -25.700  -47.100  -13.26  -25.13   21843   21261   -5009  -10248   24127
  -25.700  -47.000  -13.34  -25.20   21833   21244   -5036  -10272   24128
  -25.700  -46.900  -13.41  -25.26   21823   21227   -5062  -10295   24129
  -25.700  -46.800  -13.49  -25.32   21813   21211   -5088  -10319   24130
  -25.700  -46.700  -13.57  -25.38   21803   21194   -5115  -10343   24132
  -25.700  -46.600  -13.64  -25.44   21793   21177   -5141  -10367   24133
  -25.700  -46.500  -13.72  -25.50   21782   21161   -5167  -10391   24134
  -25.700  -46.400  -13.80  -25.57   21772   21144   -5193  -10416   24136
  -25.700  -46.300  -13.87  -25.63   21762   21127   -5218  -10440   24137
  -25.700  -46.200  -13.95  -25.69   21752   21111   -5244  -10465   24139
  -25.700  -46.100  -14.03  -25.75   21742   21094   -5270  -10489   24140
  -25.700  -46.000  -14.10  -25.82   21732   21077   -5295  -10514   24142
  -25.600  -50.000  -10.95  -23.36   22159   21755   -4211   -9571   24138
  -25.600  -49.900  -11.04  -23.41   22149   21739   -4240   -9591   24136
  -25.600  -49.800  -11.12  -23.47   22139   21723   -4270   -9611   24135
  -25.600  -49.700  -11.20  -23.52   22129   21707   -4299   -9631   24134
  -25.600  -49.600  -11.28  -23.57   22119   21691   -4328   -9651   24132
  -25.600  -49.500  -11.37  -23.63   22108   21675   -4357   -9671   24131
  -25.600  -49.400  -11.45  -23.68   22098   21659   -4386   -9691   24130
  -25.600  -49.300  -11.53  -23.73   22088   21643   -4415   -9712   24129
  -25.600  -49.200  -11.61  -23.79   22078   21626   -4443   -9733   24128
  -25.600  -49.100  -11.69  -23.84   22068   21610   -4472   -9753   24127
  -25.600  -49.000  -11.77  -23.90   22058   21594   -4500   -9774   24127
  -25.600  -48.900  -11.85  -23.95   22048   21578   -4529   -9796   24126
  -25.600  -48.800  -11.93  -24.01   22038   21561   -4557   -9817   24125
  -25.600  -48.700  -12.01  -24.07   22028   21545   -4585   -9838   24125
  -25.600  -48.600  -12.09  -24.12   22018   21529   -4613   -9860   24124
  -25.600  -48.500  -12.18  -24.18   22008   21513   -4641   -9881   24124
  -25.600  -48.400  -12.26  -24.24   21998   21496   -4669   -9903   24124
  -25.600  -48.300  -12.34  -24.29   21987   21480   -4697   -9925   24124
  -25.600  -48.200  -12.42  -24.35   21977   21464   -4725   -9947   24124
  -25.600  -48.100  -12.49  -24.41   21967   21447   -4753   -9969   24124
  -25.600  -48.000  -12.57  -24.47   21957   21431   -4780   -9992   24124
  -25.600  -47.900  -12.65  -24.53   21947   21414   -4808  -10014   24124
  -25.600  -47.800  -12.73  -24.58   21937   21398   -4835  -10037   24124
  -25.600  -47.700  -12.81  -24.64   21927   21381   -4862  -10059   24125
  -25.600  -47.600  -12.89  -24.70   21917   21365   -4889  -10082   24125
  -25.600  -47.500  -12.97  -24.76   21907   21348   -4916  -10105   24125
  -25.600  -47.400  -13.05  -24.82   21897   21332   -4943  -10128   24126
  -25.600  -47.300  -13.13  -24.88   21887   21315   -4970  -10152   24127
  -25.600  -47.200  -13.20  -24.94   21877   21299   -4997  -10175   24127
  -25.600  -47.100  -13.28  -25.00   21867   21282   -5023  -10199   24128
  -25.600  -47.000  -13.36  -25.06   21857   21265   -5050  -10222   24129
  -25.600  -46.900  -13.44  -25.13   21847   21249   -5076  -10246   24130
  -25.600  -46.800  -13.51  -25.19   21837   21232   -5103  -10270   24131
  -25.600  -46.700  -13.59  -25.25   21827   21216   -5129  -10294   24132
  -25.600  -46.600  -13.67  -25.31   21817   21199   -5155  -10318   24134
  -25.600  -46.500  -13.74  -25.37   21807   21182   -5181  -10342   24135
  -25.600  -46.400  -13.82  -25.44   21797   21166   -5207  -10367   24136
  -25.600  -46.300  -13.90  -25.50   21787   21149   -5233  -10391   24138
  -25.600  -46.200  -13.97  -25.56   21776   21132   -5258  -10416   24139
  -25.600  -46.100  -14.05  -25.63   21766   21115   -5284  -10440   24141
  -25.600  -46.000  -14.13  -25.69   21756   21099   -5309  -10465   24143
  -25.500  -50.000  -10.98  -23.23   22183   21777   -4225   -9519   24139
  -25.500  -49.900  -11.06  -23.28   22173   21761   -4255   -9539   24137
  -25.500  -49.800  -11.14  -23.33   22163   21745   -4284   -9559   24136
  -25.500  -49.700  -11.23  -23.38   22152   21729   -4313   -9579   24135
  -25.500  -49.600  -11.31  -23.44   22142   21712   -4342   -9599   24133
  -25.500  -49.500  -11.39  -23.49   22132   21696   -4371   -9619   24132
  -25.500  -49.400  -11.47  -23.55   22122   21680   -4400   -9640   24131
  -25.500  -49.300  -11.55  -23.60   22112   21664   -4429   -9660   24130
  -25.500  -49.200  -11.63  -23.65   22102   21648   -4457   -9681   24129
  -25.500  -49.100  -11.72  -23.71   22092   21632   -4486   -9702   24128
  -25.500  -49.000  -11.80  -23.76   22082   21615   -4515   -9723   24128
  -25.500  -48.900  -11.88  -23.82   22072   21599   -4543   -9744   24127
  -25.500  -48.800  -11.96  -23.88   22062   21583   -4571   -9766   24126
  -25.500  -48.700  -12.04  -23.93   22052   21567   -4600   -9787   24126
  -25.500  -48.600  -12.12  -23.99   22042   21550   -4628   -9809   24126
  -25.500  -48.500  -12.20  -24.05   22032   21534   -4656   -9830   24125
  -25.500  -48.400  -12.28  -24.10   22022   21518   -4684   -9852   24125
  -25.500  -48.300  -12.36  -24.16   22012   21501   -4711   -9874   24125
  -25.500  -48.200  -12.44  -24.22   22001   21485   -4739   -9896   24125
  -25.500  -48.100  -12.52  -24.28   21991   21469   -4767   -9919   24125
  -25.500  -48.000  -12.60  -24.33   21981   21452   -4794   -9941   24125
  -25.500  -47.900  -12.68  -24.39   21971   21436   -4822   -9964   24125
  -25.500  -47.800  -12.76  -24.45   21961   21419   -4849   -9986   24125
  -25.500  -47.700  -12.83  -24.51   21951   21403   -4876  -10009   24126
  -25.500  -47.600  -12.91  -24.57   21941   21386   -4903  -10032   24126
  -25.500  -47.500  -12.99  -24.63   21931   21370   -4931  -10055   24126
  -25.500  -47.400  -13.07  -24.69   21921   21353   -4957  -10078   24127
  -25.500  -47.300  -13.15  -24.75   21911   21337   -4984  -10102   24128
  -25.500  -47.200  -13.23  -24.81   21901   21320   -5011  -10125   24128
  -25.500  -47.100  -13.30  -24.87   21891   21304   -5038  -10149   24129
  -25.500  -47.000  -13.38  -24.93   21881   21287   -5064  -10172   24130
  -25.500  -46.900  -13.46  -24.99   21871   21270   -5091  -10196   24131
  -25.500  -46.800  -13.54  -25.06   21861   21254   -5117  -10220   24132
  -25.500  -46.700  -13.61  -25.12   21851   21237   -5143  -10244   24133
  -25.500  -46.600  -13.69  -25.18   21841   21220   -5169  -10269   24134
  -25.500  -46.500  -13.77  -25.24   21831   21204   -5195  -10293   24136
  -25.500  -46.400  -13.84  -25.31   21821   21187   -5221  -10317   24137
  -25.500  -46.300  -13.92  -25.37   21811   21170   -5247  -10342   24139
  -25.500  -46.200  -14.00  -25.43   21801   21154   -5273  -10367   24140
  -25.500  -46.100  -14.07  -25.50   21791   21137   -5298  -10392   24142
  -25.500  -46.000  -14.15  -25.56   21781   21120   -5324  -10416   24143
  -25.400  -50.000  -11.01  -23.09   22207   21798   -4239   -9467   24140
  -25.400  -49.900  -11.09  -23.14   22197   21782   -4269   -9487   24139
  -25.400  -49.800  -11.17  -23.19   22186   21766   -4298   -9507   24137
  -25.400  -49.700  -11.25  -23.25   22176   21750   -4327   -9527   24136
  -25.400  -49.600  -11.33  -23.30   22166   21734   -4356   -9547   24135
  -25.400  -49.500  -11.42  -23.36   22156   21718   -4385   -9567   24134
  -25.400  -49.400  -11.50  -23.41   22146   21702   -4414   -9588   24133
  -25.400  -49.300  -11.58  -23.46   22136   21686   -4443   -9609   24132
  -25.400  -49.200  -11.66  -23.52   22126   21669   -4472   -9629   24131
  -25.400  -49.100  -11.74  -23.57   22116   21653   -4500   -9650   24130
  -25.400  -49.000  -11.82  -23.63   22106   21637   -4529   -9671   24129
  -25.400  -48.900  -11.90  -23.69   22096   21621   -4557   -9693   24128
  -25.400  -48.800  -11.98  -23.74   22086   21605   -4585   -9714   24128
  -25.400  -48.700  -12.06  -23.80   22076   21588   -4614   -9736   24127
  -25.400  -48.600  -12.14  -23.85   22066   21572   -4642   -9757   24127
  -25.400  -48.500  -12.22  -23.91   22056   21556   -4670   -9779   24126
  -25.400  -48.400  -12.30  -23.97   22046   21539   -4698   -9801   24126
  -25.400  -48.300  -12.38  -24.03   22036   21523   -4726   -9823   24126
  -25.400  -48.200  -12.46  -24.08   22026   21507   -4753   -9845   24126
  -25.400  -48.100  -12.54  -24.14   22016   21490   -4781   -9868   24126
  -25.400  -48.000  -12.62  -24.20   22006   21474   -4809   -9890   24126
  -25.400  -47.900  -12.70  -24.26   21996   21457   -4836   -9913   24126
  -25.400  -47.800  -12.78  -24.32   21986   21441   -4863   -9936   24126
  -25.400  -47.700  -12.86  -24.38   21976   21424   -4891   -9959   24127
  -25.400  -47.600  -12.94  -24.44   21966   21408   -4918   -9982   24127
  -25.400  -47.500  -13.02  -24.50   21956   21391   -4945  -10005   24128
  -25.400  -47.400  -13.09  -24.56   21945   21375   -4972  -10028   24128
  -25.400  -47.300  -13.17  -24.62   21935   21358   -4998  -10052   24129
  -25.400  -47.200  -13.25  -24.68   21925   21342   -5025  -10075   24130
  -25.400  -47.100  -13.33  -24.74   21915   21325   -5052  -10099   24130
  -25.400  -47.000  -13.40  -24.80   21905   21309   -5078  -10123   24131
  -25.400  -46.900  -13.48  -24.86   21895   21292   -5105  -10147   24132
  -25.400  -46.800  -13.56  -24.93   21885   21275   -5131  -10171   24133
  -25.400  -46.700  -13.64  -24.99   21875   21259   -5157  -10195   24134
  -25.400  -46.600  -13.71  -25.05   21865   21242   -5183  -10219   24136
  -25.400  -46.500  -13.79  -25.11   21855   21225   -5209  -10243   24137
  -25.400  -46.400  -13.87  -25.18   21845   21209   -5235  -10268   24138
  -25.400  -46.300  -13.94  -25.24   21835   21192   -5261  -10293   24140
  -25.400  -46.200  -14.02  -25.30   21825   21175   -5287  -10318   24141
  -25.400  -46.100  -14.09  -25.37   21815   21159   -5312  -10342   24143
  -25.400  -46.000  -14.17  -25.43   21805   21142   -5338  -10367   24144
  -25.300  -50.000  -11.03  -22.95   22231   21820   -4254   -9414   24142
  -25.300  -49.900  -11.11  -23.00   22221   21804   -4283   -9434   24140
  -25.300  -49.800  -11.20  -23.06   22210   21788   -4312   -9454   24139
  -25.300  -49.700  -11.28  -23.11   22200   21772   -4341   -9474   24138
  -25.300  -49.600  -11.36  -23.16   22190   21756   -4371   -9495   24136
  -25.300  -49.500  -11.44  -23.22   22180   21740   -4399   -9515   24135
  -25.300  -49.400  -11.52  -23.27   22170   21723   -4428   -9536   24134
  -25.300  -49.300  -11.60  -23.33   22160   21707   -4457   -9557   24133
  -25.300  -49.200  -11.68  -23.38   22150   21691   -4486   -9578   24132
  -25.300  -49.100  -11.77  -23.44   22140   21675   -4514   -9599   24131
  -25.300  -49.000  -11.85  -23.49   22130   21659   -4543   -9620   24130
  -25.300  -48.900  -11.93  -23.55   22120   21643   -4571   -9641   24130
  -25.300  -48.800  -12.01  -23.61   22110   21626   -4600   -9663   24129
  -25.300  -48.700  -12.09  -23.66   22100   21610   -4628   -9684   24129
  -25.300  -48.600  -12.17  -23.72   22090   21594   -4656   -9706   24128
  -25.300  -48.500  -12.25  -23.78   22080   21577   -4684   -9728   24128
  -25.300  -48.400  -12.33  -23.83   22070   21561   -4712   -9750   24128
  -25.300  -48.300  -12.41  -23.89   22060   21545   -4740   -9772   24127
  -25.300  -48.200  -12.49  -23.95   22050   21528   -4768   -9794   24127
  -25.300  -48.100  -12.57  -24.01   22040   21512   -4795   -9817   24127
  -25.300  -48.000  -12.65  -24.07   22030   21496   -4823   -9839   24127
  -25.300  -47.900  -12.72  -24.13   22020   21479   -4850   -9862   24128
  -25.300  -47.800  -12.80  -24.19   22010   21463   -4877   -9885   24128
  -25.300  -47.700  -12.88  -24.25   22000   21446   -4905   -9908   24128
  -25.300  -47.600  -12.96  -24.30   21990   21430   -4932   -9931   24128
  -25.300  -47.500  -13.04  -24.37   21980   21413   -4959   -9954   24129
  -25.300  -47.400  -13.12  -24.43   21970   21397   -4986   -9978   24129
  -25.300  -47.300  -13.19  -24.49   21960   21380   -5013  -10001   24130
  -25.300  -47.200  -13.27  -24.55   21950   21364   -5039  -10025   24131
  -25.300  -47.100  -13.35  -24.61   21940   21347   -5066  -10049   24132
  -25.300  -47.000  -13.43  -24.67   21930   21330   -5092  -10073   24132
  -25.300  -46.900  -13.50  -24.73   21920   21314   -5119  -10097   24133
  -25.300  -46.800  -13.58  -24.79   21910   21297   -5145  -10121   24134
  -25.300  -46.700  -13.66  -24.86   21900   21281   -5171  -10145   24136
  -25.300  -46.600  -13.74  -24.92   21890   21264   -5198  -10169   24137
  -25.300  -46.500  -13.81  -24.98   21880   21247   -5223  -10194   24138
  -25.300  -46.400  -13.89  -25.04   21870   21231   -5249  -10219   24139
  -25.300  -46.300  -13.96  -25.11   21860   21214   -5275  -10243   24141
  -25.300  -46.200  -14.04  -25.17   21850   21197   -5301  -10268   24142
  -25.300  -46.100  -14.12  -25.23   21840   21180   -5326  -10293   24144
  -25.300  -46.000  -14.19  -25.30   21830   21164   -5352  -10318   24146
  -25.200  -50.000  -11.06  -22.81   22255   21842   -4268   -9362   24144
  -25.200  -49.900  -11.14  -22.87   22245   21826   -4297   -9382   24142
  -25.200  -49.800  -11.22  -22.92   22235   21810   -4326   -9402   24141
  -25.200  -49.700  -11.30  -22.97   22225   21794   -4356   -9422   24139
  -25.200  -49.600  -11.38  -23.03   22215   21777   -4385   -9442   24138
  -25.200  -49.500  -11.47  -23.08   22204   21761   -4414   -9463   24137
  -25.200  -49.400  -11.55  -23.14   22194   21745   -4443   -9484   24136
  -25.200  -49.300  -11.63  -23.19   22184   21729   -4471   -9504   24135
  -25.200  -49.200  -11.71  -23.25   22174   21713   -4500   -9525   24134
  -25.200  -49.100  -11.79  -23.30   22164   21697   -4529   -9547   24133
  -25.200  -49.000  -11.87  -23.36   22154   21681   -4557   -9568   24132
  -25.200  -48.900  -11.95  -23.41   22144   21664   -4586   -9589   24131
  -25.200  -48.800  -12.03  -23.47   22134   21648   -4614   -9611   24131
  -25.200  -48.700  -12.11  -23.53   22124   21632   -4642   -9633   24130
  -25.200  -48.600  -12.19  -23.58   22114   21616   -4670   -9654   24130
  -25.200  -48.500  -12.27  -23.64   22104   21599   -4698   -9676   24130
  -25.200  -48.400  -12.35  -23.70   22094   21583   -4726   -9699   24129
  -25.200  -48.300  -12.43  -23.76   22084   21567   -4754   -9721   24129
  -25.200  -48.200  -12.51  -23.82   22074   21550   -4782   -9743   24129
  -25.200  -48.100  -12.59  -23.87   22064   21534   -4809   -9766   24129
  -25.200  -48.000  -12.67  -23.93   22054   21517   -4837   -9788   24129
  -25.200  -47.900  -12.75  -23.99   22044   21501   -4864   -9811   24129
  -25.200  -47.800  -12.83  -24.05   22034   21485   -4892   -9834   24129
  -25.200  -47.700  -12.91  -24.11   22024   21468   -4919   -9857   24130
  -25.200  -47.600  -12.98  -24.17   22014   21452   -4946   -9880   24130
  -25.200  -47.500  -13.06  -24.23   22004   21435   -4973   -9904   24130
  -25.200  -47.400  -13.14  -24.29   21994   21419   -5000   -9927   24131
  -25.200  -47.300  -13.22  -24.35   21984   21402   -5027   -9951   24132
  -25.200  -47.200  -13.30  -24.41   21974   21385   -5054   -9975   24132
  -25.200  -47.100  -13.37  -24.48   21964   21369   -5080   -9998   24133
  -25.200  -47.000  -13.45  -24.54   21954   21352   -5107  -10022   24134
  -25.200  -46.900  -13.53  -24.60   21945   21336   -5133  -10046   24135
  -25.200  -46.800  -13.60  -24.66   21935   21319   -5159  -10071   24136
  -25.200  -46.700  -13.68  -24.72   21925   21302   -5186  -10095   24137
  -25.200  -46.600  -13.76  -24.79   21915   21286   -5212  -10120   24138
  -25.200  -46.500  -13.83  -24.85   21905   21269   -5238  -10144   24139
  -25.200  -46.400  -13.91  -24.91   21895   21252   -5264  -10169   24141
  -25.200  -46.300  -13.99  -24.98   21885   21236   -5289  -10194   24142
  -25.200  -46.200  -14.06  -25.04   21875   21219   -5315  -10219   24144
  -25.200  -46.100  -14.14  -25.10   21865   21202   -5341  -10244   24145
  -25.200  -46.000  -14.21  -25.17   21855   21186   -5366  -10269   24147
  -25.100  -50.000  -11.08  -22.68   22279   21864   -4282   -9309   24146
  -25.100  -49.900  -11.16  -22.73   22269   21848   -4311   -9329   24144
  -25.100  -49.800  -11.25  -22.78   22259   21832   -4341   -9349   24143
  -25.100  -49.700  -11.33  -22.84   22249   21816   -4370   -9369   24141
  -25.100  -49.600  -11.41  -22.89   22239   21799   -4399   -9390   24140
  -25.100  -49.500  -11.49  -22.95   22229   21783   -4428   -9410   24139
  -25.100  -49.400  -11.57  -23.00   22219   21767   -4457   -9431   24138
  -25.100  -49.300  -11.65  -23.05   22209   21751   -4486   -9452   24137
  -25.100  -49.200  -11.73  -23.11   22199   21735   -4514   -9473   24136
  -25.100  -49.100  -11.81  -23.17   22189   21719   -4543   -9495   24135
  -25.100  -49.000  -11.89  -23.22   22179   21703   -4571   -9516   24134
  -25.100  -48.900  -11.98  -23.28   22169   21686   -4600   -9537   24133
  -25.100  -48.800  -12.06  -23.33   22159   21670   -4628   -9559   24133
  -25.100  -48.700  -12.14  -23.39   22149   21654   -4656   -9581   24132
  -25.100  -48.600  -12.22  -23.45   22139   21637   -4684   -9603   24132
  -25.100  -48.500  -12.30  -23.51   22129   21621   -4712   -9625   24131
  -25.100  -48.400  -12.38  -23.56   22119   21605   -4740   -9647   24131
  -25.100  -48.300  -12.45  -23.62   22109   21589   -4768   -9669   24131
  -25.100  -48.200  -12.53  -23.68   22099   21572   -4796   -9692   24131
  -25.100  -48.100  -12.61  -23.74   22089   21556   -4824   -9714   24131
  -25.100  -48.000  -12.69  -23.80   22079   21539   -4851   -9737   24131
  -25.100  -47.900  -12.77  -23.86   22069   21523   -4878   -9760   24131
  -25.100  -47.800  -12.85  -23.92   22059   21507   -4906   -9783   24131
  -25.100  -47.700  -12.93  -23.98   22049   21490   -4933   -9806   24131
  -25.100  -47.600  -13.01  -24.04   22039   21474   -4960   -9830   24132
  -25.100  -47.500  -13.08  -24.10   22029   21457   -4987   -9853   24132
  -25.100  -47.400  -13.16  -24.16   22019   21441   -5014   -9877   24133
  -25.100  -47.300  -13.24  -24.22   22009   21424   -5041   -9900   24133
  -25.100  -47.200  -13.32  -24.28   21999   21407   -5068   -9924   24134
  -25.100  -47.100  -13.40  -24.34   21989   21391   -5094   -9948   24135
  -25.100  -47.000  -13.47  -24.40   21979   21374   -5121   -9972   24136
  -25.100  -46.900  -13.55  -24.47   21969   21358   -5147   -9996   24137
  -25.100  -46.800  -13.63  -24.53   21959   21341   -5173  -10021   24138
  -25.100  -46.700  -13.70  -24.59   21949   21324   -5200  -10045   24139
  -25.100  -46.600  -13.78  -24.65   21939   21308   -5226  -10070   24140
  -25.100  -46.500  -13.86  -24.72   21929   21291   -5252  -10094   24141
  -25.100  -46.400  -13.93  -24.78   21919   21274   -5278  -10119   24142
  -25.100  -46.300  -14.01  -24.84   21909   21258   -5303  -10144   24144
  -25.100  -46.200  -14.08  -24.91   21899   21241   -5329  -10169   24145
  -25.100  -46.100  -14.16  -24.97   21889   21224   -5355  -10194   24147
  -25.100  -46.000  -14.23  -25.04   21879   21208   -5380  -10220   24148
  -25.000  -50.000  -11.11  -22.54   22303   21886   -4296   -9256   24148
  -25.000  -49.900  -11.19  -22.59   22293   21870   -4326   -9276   24146
  -25.000  -49.800  -11.27  -22.64   22283   21854   -4355   -9296   24145
  -25.000  -49.700  -11.35  -22.70   22273   21838   -4384   -9317   24143
  -25.000  -49.600  -11.43  -22.75   22263   21821   -4413   -9337   24142
  -25.000  -49.500  -11.51  -22.81   22253   21805   -4442   -9358   24141
  -25.000  -49.400  -11.60  -22.86   22243   21789   -4471   -9379   24140
  -25.000  -49.300  -11.68  -22.92   22233   21773   -4500   -9400   24139
  -25.000  -49.200  -11.76  -22.97   22223   21757   -4528   -9421   24138
  -25.000  -49.100  -11.84  -23.03   22213   21741   -4557   -9442   24137
  -25.000  -49.000  -11.92  -23.09   22203   21725   -4585   -9464   24136
  -25.000  -48.900  -12.00  -23.14   22193   21708   -4614   -9485   24135
  -25.000  -48.800  -12.08  -23.20   22183   21692   -4642   -9507   24135
  -25.000  -48.700  -12.16  -23.26   22173   21676   -4670   -9529   24134
  -25.000  -48.600  -12.24  -23.31   22163   21660   -4699   -9551   24134
  -25.000  -48.500  -12.32  -23.37   22153   21643   -4727   -9573   24133
  -25.000  -48.400  -12.40  -23.43   22143   21627   -4754   -9595   24133
  -25.000  -48.300  -12.48  -23.49   22133   21611   -4782   -9618   24133
  -25.000  -48.200  -12.56  -23.55   22123   21594   -4810   -9640   24133
  -25.000  -48.100  -12.64  -23.60   22114   21578   -4838   -9663   24133
  -25.000  -48.000  -12.72  -23.66   22104   21561   -4865   -9686   24133
  -25.000  -47.900  -12.79  -23.72   22094   21545   -4893   -9709   24133
  -25.000  -47.800  -12.87  -23.78   22084   21529   -4920   -9732   24133
  -25.000  -47.700  -12.95  -23.84   22074   21512   -4947   -9755   24133
  -25.000  -47.600  -13.03  -23.90   22064   21496   -4974   -9779   24134
  -25.000  -47.500  -13.11  -23.96   22054   21479   -5001   -9802   24134
  -25.000  -47.400  -13.19  -24.02   22044   21463   -5028   -9826   24135
  -25.000  -47.300  -13.26  -24.09   22034   21446   -5055   -9850   24135
  -25.000  -47.200  -13.34  -24.15   22024   21430   -5082   -9873   24136
  -25.000  -47.100  -13.42  -24.21   22014   21413   -5108   -9897   24137
  -25.000  -47.000  -13.50  -24.27   22004   21396   -5135   -9922   24137
  -25.000  -46.900  -13.57  -24.33   21994   21380   -5161   -9946   24138
  -25.000  -46.800  -13.65  -24.40   21984   21363   -5188   -9970   24139
  -25.000  -46.700  -13.73  -24.46   21974   21347   -5214   -9995   24140
  -25.000  -46.600  -13.80  -24.52   21964   21330   -5240  -10019   24142
  -25.000  -46.500  -13.88  -24.58   21954   21313   -5266  -10044   24143
  -25.000  -46.400  -13.95  -24.65   21944   21297   -5292  -10069   24144
  -25.000  -46.300  -14.03  -24.71   21934   21280   -5318  -10094   24145
  -25.000  -46.200  -14.11  -24.78   21924   21263   -5343  -10119   24147
  -25.000  -46.100  -14.18  -24.84   21914   21246   -5369  -10145   24148
  -25.000  -46.000  -14.26  -24.91   21904   21230   -5394  -10170   24150
