 Date = 1985.000     Altitude =  6371.000 km      geocentric

      Lat     Long       D       I       H       X       Y       Z       F
  -28.000  -54.000  -10.85  -29.10   20449   20083   -3850  -11381   23402
  -28.000  -53.900  -10.94  -29.15   20436   20065   -3878  -11400   23401
  -28.000  -53.800  -11.03  -29.21   20424   20047   -3906  -11419   23400
  -28.000  -53.700  -11.11  -29.26   20412   20030   -3934  -11438   23398
  -28.000  -53.600  -11.20  -29.32   20400   20012   -3961  -11457   23397
  -28.000  -53.500  -11.28  -29.38   20388   19994   -3988  -11477   23396
  -28.000  -53.400  -11.37  -29.43   20376   19976   -4016  -11497   23395
  -28.000  -53.300  -11.45  -29.49   20363   19958   -4043  -11516   23394
  -28.000  -53.200  -11.54  -29.55   20351   19940   -4070  -11536   23394
  -28.000  -53.100  -11.62  -29.60   20339   19922   -4097  -11556   23393
  -28.000  -53.000  -11.71  -29.66   20327   19904   -4124  -11576   23392
  -28.000  -52.900  -11.79  -29.72   20315   19886   -4151  -11597   23392
  -28.000  -52.800  -11.87  -29.78   20303   19868   -4177  -11617   23391
  -28.000  -52.700  -11.96  -29.84   20290   19850   -4204  -11638   23391
  -28.000  -52.600  -12.04  -29.90   20278   19832   -4230  -11658   23391
  -28.000  -52.500  -12.12  -29.95   20266   19814   -4257  -11679   23391
  -28.000  -52.400  -12.21  -30.01   20254   19796   -4283  -11700   23391
  -28.000  -52.300  -12.29  -30.07   20242   19778   -4309  -11721   23391
  -28.000  -52.200  -12.37  -30.13   20230   19760   -4335  -11743   23391
  -28.000  -52.100  -12.46  -30.19   20217   19742   -4361  -11764   23391
  -28.000  -52.000  -12.54  -30.25   20205   19723   -4387  -11786   23391
  -28.000  -51.900  -12.62  -30.32   20193   19705   -4412  -11807   23392
  -28.000  -51.800  -12.70  -30.38   20181   19687   -4438  -11829   23392
  -28.000  -51.700  -12.78  -30.44   20169   19669   -4463  -11851   23393
  -28.000  -51.600  -12.87  -30.50   20157   19651   -4488  -11873   23394
  -28.000  -51.500  -12.95  -30.56   20144   19632   -4514  -11895   23394
  -28.000  -51.400  -13.03  -30.62   20132   19614   -4539  -11917   23395
  -28.000  -51.300  -13.11  -30.69   20120   19596   -4564  -11940   23396
  -28.000  -51.200  -13.19  -30.75   20108   19577   -4588  -11962   23397
  -28.000  -51.100  -13.27  -30.81   20096   19559   -4613  -11985   23398
  -28.000  -51.000  -13.35  -30.87   20084   19541   -4638  -12008   23399
  -28.000  -50.900  -13.43  -30.94   20071   19522   -4662  -12030   23401
  -28.000  -50.800  -13.51  -31.00   20059   19504   -4687  -12053   23402
  -28.000  -50.700  -13.59  -31.07   20047   19486   -4711  -12077   23404
  -28.000  -50.600  -13.67  -31.13   20035   19467   -4735  -12100   23405
  -28.000  -50.500  -13.75  -31.19   20023   19449   -4759  -12123   23407
  -28.000  -50.400  -13.83  -31.26   20010   19430   -4783  -12147   23408
  -28.000  -50.300  -13.91  -31.32   19998   19412   -4807  -12170   23410
  -28.000  -50.200  -13.99  -31.39   19986   19393   -4830  -12194   23412
  -28.000  -50.100  -14.06  -31.45   19974   19375   -4854  -12218   23414
  -28.000  -50.000  -14.14  -31.52   19961   19356   -4877  -12241   23416
  -27.900  -54.000  -10.89  -28.98   20471   20102   -3867  -11336   23400
  -27.900  -53.900  -10.97  -29.03   20459   20085   -3895  -11355   23399
  -27.900  -53.800  -11.06  -29.09   20447   20067   -3922  -11374   23397
  -27.900  -53.700  -11.15  -29.14   20434   20049   -3950  -11393   23396
  -27.900  -53.600  -11.23  -29.20   20422   20031   -3978  -11412   23395
  -27.900  -53.500  -11.32  -29.25   20410   20013   -4005  -11432   23394
  -27.900  -53.400  -11.40  -29.31   20398   19995   -4032  -11452   23393
  -27.900  -53.300  -11.49  -29.37   20386   19978   -4059  -11472   23392
  -27.900  -53.200  -11.57  -29.42   20374   19960   -4087  -11492   23391
  -27.900  -53.100  -11.66  -29.48   20362   19942   -4114  -11512   23390
  -27.900  -53.000  -11.74  -29.54   20349   19924   -4140  -11532   23390
  -27.900  -52.900  -11.82  -29.60   20337   19906   -4167  -11552   23389
  -27.900  -52.800  -11.91  -29.66   20325   19888   -4194  -11573   23389
  -27.900  -52.700  -11.99  -29.72   20313   19870   -4220  -11594   23389
  -27.900  -52.600  -12.08  -29.77   20301   19852   -4247  -11615   23388
  -27.900  -52.500  -12.16  -29.83   20289   19834   -4273  -11635   23388
  -27.900  -52.400  -12.24  -29.89   20277   19816   -4299  -11657   23388
  -27.900  -52.300  -12.32  -29.95   20264   19797   -4325  -11678   23388
  -27.900  -52.200  -12.41  -30.01   20252   19779   -4351  -11699   23389
  -27.900  -52.100  -12.49  -30.07   20240   19761   -4377  -11721   23389
  -27.900  -52.000  -12.57  -30.13   20228   19743   -4403  -11742   23389
  -27.900  -51.900  -12.65  -30.20   20216   19725   -4429  -11764   23390
  -27.900  -51.800  -12.74  -30.26   20204   19707   -4454  -11786   23390
  -27.900  -51.700  -12.82  -30.32   20192   19688   -4480  -11808   23391
  -27.900  -51.600  -12.90  -30.38   20179   19670   -4505  -11830   23391
  -27.900  -51.500  -12.98  -30.44   20167   19652   -4530  -11852   23392
  -27.900  -51.400  -13.06  -30.50   20155   19634   -4555  -11875   23393
  -27.900  -51.300  -13.14  -30.57   20143   19615   -4580  -11897   23394
  -27.900  -51.200  -13.22  -30.63   20131   19597   -4605  -11920   23395
  -27.900  -51.100  -13.30  -30.69   20119   19579   -4630  -11942   23396
  -27.900  -51.000  -13.38  -30.76   20106   19560   -4654  -11965   23397
  -27.900  -50.900  -13.46  -30.82   20094   19542   -4679  -11988   23399
  -27.900  -50.800  -13.54  -30.88   20082   19524   -4703  -12011   23400
  -27.900  -50.700  -13.62  -30.95   20070   19505   -4727  -12034   23401
  -27.900  -50.600  -13.70  -31.01   20058   19487   -4751  -12058   23403
  -27.900  -50.500  -13.78  -31.08   20045   19468   -4775  -12081   23405
  -27.900  -50.400  -13.86  -31.14   20033   19450   -4799  -12105   23406
  -27.900  -50.300  -13.94  -31.21   20021   19431   -4823  -12128   23408
  -27.900  -50.200  -14.02  -31.27   20009   19413   -4847  -12152   23410
  -27.900  -50.100  -14.10  -31.34   19997   19394   -4870  -12176   23412
  -27.900  -50.000  -14.17  -31.40   19984   19376   -4894  -12200   23414
  -27.800  -54.000  -10.92  -28.85   20493   20122   -3883  -11290   23398
  -27.800  -53.900  -11.01  -28.91   20481   20104   -3911  -11309   23396
  -27.800  -53.800  -11.09  -28.96   20469   20087   -3939  -11329   23395
  -27.800  -53.700  -11.18  -29.02   20457   20069   -3967  -11348   23394
  -27.800  -53.600  -11.27  -29.07   20445   20051   -3994  -11367   23393
  -27.800  -53.500  -11.35  -29.13   20433   20033   -4022  -11387   23392
  -27.800  -53.400  -11.44  -29.19   20421   20015   -4049  -11407   23391
  -27.800  -53.300  -11.52  -29.24   20408   19997   -4076  -11427   23390
  -27.800  -53.200  -11.61  -29.30   20396   19979   -4103  -11447   23389
  -27.800  -53.100  -11.69  -29.36   20384   19961   -4130  -11467   23388
  -27.800  -53.000  -11.77  -29.42   20372   19943   -4157  -11488   23388
  -27.800  -52.900  -11.86  -29.48   20360   19925   -4184  -11508   23387
  -27.800  -52.800  -11.94  -29.54   20348   19907   -4210  -11529   23387
  -27.800  -52.700  -12.03  -29.59   20336   19889   -4237  -11550   23387
  -27.800  -52.600  -12.11  -29.65   20324   19871   -4263  -11570   23386
  -27.800  -52.500  -12.19  -29.71   20311   19853   -4290  -11592   23386
  -27.800  -52.400  -12.28  -29.77   20299   19835   -4316  -11613   23386
  -27.800  -52.300  -12.36  -29.83   20287   19817   -4342  -11634   23386
  -27.800  -52.200  -12.44  -29.89   20275   19799   -4368  -11655   23386
  -27.800  -52.100  -12.52  -29.95   20263   19781   -4394  -11677   23387
  -27.800  -52.000  -12.61  -30.01   20251   19763   -4420  -11699   23387
  -27.800  -51.900  -12.69  -30.08   20239   19744   -4445  -11721   23387
  -27.800  -51.800  -12.77  -30.14   20227   19726   -4471  -11743   23388
  -27.800  -51.700  -12.85  -30.20   20214   19708   -4496  -11765   23389
  -27.800  -51.600  -12.93  -30.26   20202   19690   -4521  -11787   23389
  -27.800  -51.500  -13.01  -30.32   20190   19672   -4547  -11809   23390
  -27.800  -51.400  -13.09  -30.39   20178   19653   -4572  -11832   23391
  -27.800  -51.300  -13.18  -30.45   20166   19635   -4597  -11854   23392
  -27.800  -51.200  -13.26  -30.51   20154   19617   -4621  -11877   23393
  -27.800  -51.100  -13.34  -30.57   20141   19598   -4646  -11900   23394
  -27.800  -51.000  -13.42  -30.64   20129   19580   -4671  -11923   23395
  -27.800  -50.900  -13.50  -30.70   20117   19562   -4695  -11946   23397
  -27.800  -50.800  -13.58  -30.77   20105   19543   -4720  -11969   23398
  -27.800  -50.700  -13.66  -30.83   20093   19525   -4744  -11992   23399
  -27.800  -50.600  -13.74  -30.90   20081   19506   -4768  -12016   23401
  -27.800  -50.500  -13.81  -30.96   20068   19488   -4792  -12039   23403
  -27.800  -50.400  -13.89  -31.02   20056   19470   -4816  -12063   23404
  -27.800  -50.300  -13.97  -31.09   20044   19451   -4840  -12087   23406
  -27.800  -50.200  -14.05  -31.16   20032   19433   -4863  -12110   23408
  -27.800  -50.100  -14.13  -31.22   20020   19414   -4887  -12134   23410
  -27.800  -50.000  -14.21  -31.29   20007   19396   -4910  -12159   23412
  -27.700  -54.000  -10.96  -28.73   20516   20142   -3900  -11245   23396
  -27.700  -53.900  -11.04  -28.78   20504   20124   -3928  -11264   23394
  -27.700  -53.800  -11.13  -28.84   20492   20106   -3955  -11283   23393
  -27.700  -53.700  -11.21  -28.89   20480   20089   -3983  -11303   23392
  -27.700  -53.600  -11.30  -28.95   20468   20071   -4011  -11322   23390
  -27.700  -53.500  -11.39  -29.01   20455   20053   -4038  -11342   23389
  -27.700  -53.400  -11.47  -29.06   20443   20035   -4065  -11362   23388
  -27.700  -53.300  -11.55  -29.12   20431   20017   -4092  -11382   23388
  -27.700  -53.200  -11.64  -29.18   20419   19999   -4120  -11402   23387
  -27.700  -53.100  -11.72  -29.24   20407   19981   -4147  -11423   23386
  -27.700  -53.000  -11.81  -29.30   20395   19963   -4173  -11443   23386
  -27.700  -52.900  -11.89  -29.35   20383   19945   -4200  -11464   23385
  -27.700  -52.800  -11.98  -29.41   20371   19927   -4227  -11484   23385
  -27.700  -52.700  -12.06  -29.47   20358   19909   -4253  -11505   23385
  -27.700  -52.600  -12.14  -29.53   20346   19891   -4280  -11526   23384
  -27.700  -52.500  -12.23  -29.59   20334   19873   -4306  -11547   23384
  -27.700  -52.400  -12.31  -29.65   20322   19855   -4332  -11569   23384
  -27.700  -52.300  -12.39  -29.71   20310   19837   -4358  -11590   23384
  -27.700  -52.200  -12.47  -29.77   20298   19819   -4384  -11612   23385
  -27.700  -52.100  -12.56  -29.83   20286   19801   -4410  -11633   23385
  -27.700  -52.000  -12.64  -29.89   20274   19782   -4436  -11655   23385
  -27.700  -51.900  -12.72  -29.96   20262   19764   -4462  -11677   23386
  -27.700  -51.800  -12.80  -30.02   20249   19746   -4487  -11699   23386
  -27.700  -51.700  -12.88  -30.08   20237   19728   -4513  -11721   23387
  -27.700  -51.600  -12.97  -30.14   20225   19710   -4538  -11744   23387
  -27.700  -51.500  -13.05  -30.20   20213   19691   -4563  -11766   23388
  -27.700  -51.400  -13.13  -30.27   20201   19673   -4588  -11789   23389
  -27.700  -51.300  -13.21  -30.33   20189   19655   -4613  -11811   23390
  -27.700  -51.200  -13.29  -30.39   20177   19636   -4638  -11834   23391
  -27.700  -51.100  -13.37  -30.46   20165   19618   -4663  -11857   23392
  -27.700  -51.000  -13.45  -30.52   20152   19600   -4687  -11880   23394
  -27.700  -50.900  -13.53  -30.58   20140   19581   -4712  -11903   23395
  -27.700  -50.800  -13.61  -30.65   20128   19563   -4736  -11927   23396
  -27.700  -50.700  -13.69  -30.71   20116   19545   -4760  -11950   23398
  -27.700  -50.600  -13.77  -30.78   20104   19526   -4784  -11973   23399
  -27.700  -50.500  -13.85  -30.84   20092   19508   -4808  -11997   23401
  -27.700  -50.400  -13.93  -30.91   20079   19489   -4832  -12021   23403
  -27.700  -50.300  -14.00  -30.97   20067   19471   -4856  -12045   23404
  -27.700  -50.200  -14.08  -31.04   20055   19452   -4880  -12069   23406
  -27.700  -50.100  -14.16  -31.10   20043   19434   -4903  -12093   23408
  -27.700  -50.000  -14.24  -31.17   20031   19415   -4926  -12117   23410
  -27.600  -54.000  -10.99  -28.60   20539   20162   -3916  -11199   23394
  -27.600  -53.900  -11.08  -28.66   20527   20144   -3944  -11218   23392
  -27.600  -53.800  -11.16  -28.71   20515   20126   -3972  -11238   23391
  -27.600  -53.700  -11.25  -28.77   20502   20109   -4000  -11257   23390
  -27.600  -53.600  -11.33  -28.83   20490   20091   -4027  -11277   23389
  -27.600  -53.500  -11.42  -28.88   20478   20073   -4054  -11297   23388
  -27.600  -53.400  -11.50  -28.94   20466   20055   -4082  -11317   23387
  -27.600  -53.300  -11.59  -29.00   20454   20037   -4109  -11337   23386
  -27.600  -53.200  -11.67  -29.06   20442   20019   -4136  -11357   23385
  -27.600  -53.100  -11.76  -29.11   20430   20001   -4163  -11378   23384
  -27.600  -53.000  -11.84  -29.17   20418   19983   -4190  -11398   23384
  -27.600  -52.900  -11.93  -29.23   20406   19965   -4217  -11419   23383
  -27.600  -52.800  -12.01  -29.29   20394   19947   -4243  -11440   23383
  -27.600  -52.700  -12.09  -29.35   20381   19929   -4270  -11461   23383
  -27.600  -52.600  -12.18  -29.41   20369   19911   -4296  -11482   23383
  -27.600  -52.500  -12.26  -29.47   20357   19893   -4323  -11503   23382
  -27.600  -52.400  -12.34  -29.53   20345   19875   -4349  -11525   23382
  -27.600  -52.300  -12.42  -29.59   20333   19857   -4375  -11546   23383
  -27.600  -52.200  -12.51  -29.65   20321   19839   -4401  -11568   23383
  -27.600  -52.100  -12.59  -29.71   20309   19821   -4427  -11589   23383
  -27.600  -52.000  -12.67  -29.77   20297   19802   -4452  -11611   23383
  -27.600  -51.900  -12.75  -29.83   20285   19784   -4478  -11633   23384
  -27.600  -51.800  -12.84  -29.90   20273   19766   -4504  -11656   23384
  -27.600  -51.700  -12.92  -29.96   20260   19748   -4529  -11678   23385
  -27.600  -51.600  -13.00  -30.02   20248   19730   -4554  -11700   23386
  -27.600  -51.500  -13.08  -30.08   20236   19711   -4579  -11723   23387
  -27.600  -51.400  -13.16  -30.15   20224   19693   -4605  -11745   23387
  -27.600  -51.300  -13.24  -30.21   20212   19675   -4629  -11768   23388
  -27.600  -51.200  -13.32  -30.27   20200   19656   -4654  -11791   23389
  -27.600  -51.100  -13.40  -30.34   20188   19638   -4679  -11814   23391
  -27.600  -51.000  -13.48  -30.40   20176   19620   -4704  -11837   23392
  -27.600  -50.900  -13.56  -30.46   20164   19601   -4728  -11861   23393
  -27.600  -50.800  -13.64  -30.53   20151   19583   -4752  -11884   23395
  -27.600  -50.700  -13.72  -30.59   20139   19565   -4777  -11907   23396
  -27.600  -50.600  -13.80  -30.66   20127   19546   -4801  -11931   23398
  -27.600  -50.500  -13.88  -30.72   20115   19528   -4825  -11955   23399
  -27.600  -50.400  -13.96  -30.79   20103   19509   -4849  -11979   23401
  -27.600  -50.300  -14.04  -30.86   20091   19491   -4872  -12003   23403
  -27.600  -50.200  -14.11  -30.92   20078   19472   -4896  -12027   23405
  -27.600  -50.100  -14.19  -30.99   20066   19454   -4919  -12051   23407
  -27.600  -50.000  -14.27  -31.05   20054   19435   -4943  -12075   23409
  -27.500  -54.000  -11.03  -28.48   20562   20182   -3933  -11153   23392
  -27.500  -53.900  -11.11  -28.53   20550   20164   -3961  -11173   23390
  -27.500  -53.800  -11.20  -28.59   20537   20146   -3988  -11192   23389
  -27.500  -53.700  -11.28  -28.65   20525   20129   -4016  -11212   23388
  -27.500  -53.600  -11.37  -28.70   20513   20111   -4044  -11232   23387
  -27.500  -53.500  -11.45  -28.76   20501   20093   -4071  -11252   23386
  -27.500  -53.400  -11.54  -28.82   20489   20075   -4098  -11272   23385
  -27.500  -53.300  -11.62  -28.87   20477   20057   -4125  -11292   23384
  -27.500  -53.200  -11.71  -28.93   20465   20039   -4153  -11312   23383
  -27.500  -53.100  -11.79  -28.99   20453   20021   -4179  -11333   23383
  -27.500  -53.000  -11.88  -29.05   20441   20003   -4206  -11353   23382
  -27.500  -52.900  -11.96  -29.11   20429   19985   -4233  -11374   23382
  -27.500  -52.800  -12.04  -29.17   20417   19967   -4260  -11395   23381
  -27.500  -52.700  -12.13  -29.23   20405   19949   -4286  -11416   23381
  -27.500  -52.600  -12.21  -29.29   20392   19931   -4313  -11437   23381
  -27.500  -52.500  -12.29  -29.35   20380   19913   -4339  -11459   23381
  -27.500  -52.400  -12.38  -29.41   20368   19895   -4365  -11480   23381
  -27.500  -52.300  -12.46  -29.47   20356   19877   -4391  -11502   23381
  -27.500  -52.200  -12.54  -29.53   20344   19859   -4417  -11524   23381
  -27.500  -52.100  -12.62  -29.59   20332   19841   -4443  -11546   23381
  -27.500  -52.000  -12.70  -29.65   20320   19822   -4469  -11568   23382
  -27.500  -51.900  -12.79  -29.71   20308   19804   -4495  -11590   23382
  -27.500  -51.800  -12.87  -29.78   20296   19786   -4520  -11612   23383
  -27.500  -51.700  -12.95  -29.84   20284   19768   -4545  -11634   23383
  -27.500  -51.600  -13.03  -29.90   20272   19750   -4571  -11657   23384
  -27.500  -51.500  -13.11  -29.96   20260   19731   -4596  -11679   23385
  -27.500  -51.400  -13.19  -30.03   20247   19713   -4621  -11702   23386
  -27.500  -51.300  -13.27  -30.09   20235   19695   -4646  -11725   23387
  -27.500  -51.200  -13.35  -30.15   20223   19676   -4671  -11748   23388
  -27.500  -51.100  -13.43  -30.22   20211   19658   -4695  -11771   23389
  -27.500  -51.000  -13.51  -30.28   20199   19640   -4720  -11794   23390
  -27.500  -50.900  -13.59  -30.35   20187   19621   -4744  -11818   23392
  -27.500  -50.800  -13.67  -30.41   20175   19603   -4769  -11841   23393
  -27.500  -50.700  -13.75  -30.47   20163   19585   -4793  -11865   23395
  -27.500  -50.600  -13.83  -30.54   20151   19566   -4817  -11889   23396
  -27.500  -50.500  -13.91  -30.61   20138   19548   -4841  -11912   23398
  -27.500  -50.400  -13.99  -30.67   20126   19529   -4865  -11936   23400
  -27.500  -50.300  -14.07  -30.74   20114   19511   -4889  -11960   23401
  -27.500  -50.200  -14.14  -30.80   20102   19492   -4912  -11985   23403
  -27.500  -50.100  -14.22  -30.87   20090   19474   -4936  -12009   23405
  -27.500  -50.000  -14.30  -30.94   20078   19455   -4959  -12033   23407
  -27.400  -54.000  -11.06  -28.35   20585   20202   -3949  -11107   23390
  -27.400  -53.900  -11.15  -28.41   20573   20184   -3977  -11127   23389
  -27.400  -53.800  -11.23  -28.46   20560   20167   -4005  -11146   23387
  -27.400  -53.700  -11.32  -28.52   20548   20149   -4032  -11166   23386
  -27.400  -53.600  -11.40  -28.58   20536   20131   -4060  -11186   23385
  -27.400  -53.500  -11.49  -28.63   20524   20113   -4087  -11206   23384
  -27.400  -53.400  -11.57  -28.69   20512   20095   -4115  -11226   23383
  -27.400  -53.300  -11.66  -28.75   20500   20077   -4142  -11247   23382
  -27.400  -53.200  -11.74  -28.81   20488   20059   -4169  -11267   23382
  -27.400  -53.100  -11.82  -28.87   20476   20041   -4196  -11288   23381
  -27.400  -53.000  -11.91  -28.93   20464   20023   -4223  -11308   23381
  -27.400  -52.900  -11.99  -28.98   20452   20005   -4250  -11329   23380
  -27.400  -52.800  -12.08  -29.04   20440   19987   -4276  -11350   23380
  -27.400  -52.700  -12.16  -29.10   20428   19969   -4303  -11372   23380
  -27.400  -52.600  -12.24  -29.16   20416   19951   -4329  -11393   23379
  -27.400  -52.500  -12.33  -29.22   20404   19933   -4355  -11414   23379
  -27.400  -52.400  -12.41  -29.28   20392   19915   -4382  -11436   23379
  -27.400  -52.300  -12.49  -29.35   20379   19897   -4408  -11458   23379
  -27.400  -52.200  -12.57  -29.41   20367   19879   -4434  -11479   23380
  -27.400  -52.100  -12.66  -29.47   20355   19861   -4460  -11501   23380
  -27.400  -52.000  -12.74  -29.53   20343   19843   -4485  -11524   23380
  -27.400  -51.900  -12.82  -29.59   20331   19824   -4511  -11546   23381
  -27.400  -51.800  -12.90  -29.65   20319   19806   -4536  -11568   23381
  -27.400  -51.700  -12.98  -29.72   20307   19788   -4562  -11591   23382
  -27.400  -51.600  -13.06  -29.78   20295   19770   -4587  -11613   23383
  -27.400  -51.500  -13.14  -29.84   20283   19752   -4612  -11636   23384
  -27.400  -51.400  -13.22  -29.91   20271   19733   -4637  -11659   23385
  -27.400  -51.300  -13.31  -29.97   20259   19715   -4662  -11682   23385
  -27.400  -51.200  -13.39  -30.03   20247   19697   -4687  -11705   23387
  -27.400  -51.100  -13.47  -30.10   20235   19678   -4712  -11728   23388
  -27.400  -51.000  -13.55  -30.16   20223   19660   -4736  -11751   23389
  -27.400  -50.900  -13.62  -30.23   20210   19642   -4761  -11775   23390
  -27.400  -50.800  -13.70  -30.29   20198   19623   -4785  -11798   23392
  -27.400  -50.700  -13.78  -30.36   20186   19605   -4809  -11822   23393
  -27.400  -50.600  -13.86  -30.42   20174   19586   -4834  -11846   23395
  -27.400  -50.500  -13.94  -30.49   20162   19568   -4857  -11870   23397
  -27.400  -50.400  -14.02  -30.55   20150   19550   -4881  -11894   23398
  -27.400  -50.300  -14.10  -30.62   20138   19531   -4905  -11918   23400
  -27.400  -50.200  -14.18  -30.68   20126   19513   -4929  -11942   23402
  -27.400  -50.100  -14.25  -30.75   20113   19494   -4952  -11967   23404
  -27.400  -50.000  -14.33  -30.82   20101   19476   -4976  -11991   23406
  -27.300  -54.000  -11.10  -28.22   20608   20223   -3966  -11061   23389
  -27.300  -53.900  -11.18  -28.28   20596   20205   -3994  -11081   23387
  -27.300  -53.800  -11.27  -28.34   20584   20187   -4021  -11100   23386
  -27.300  -53.700  -11.35  -28.39   20572   20169   -4049  -11120   23385
  -27.300  -53.600  -11.44  -28.45   20560   20151   -4076  -11140   23384
  -27.300  -53.500  -11.52  -28.51   20547   20133   -4104  -11160   23383
  -27.300  -53.400  -11.61  -28.57   20535   20116   -4131  -11181   23382
  -27.300  -53.300  -11.69  -28.62   20523   20098   -4158  -11201   23381
  -27.300  -53.200  -11.77  -28.68   20511   20080   -4185  -11222   23380
  -27.300  -53.100  -11.86  -28.74   20499   20062   -4212  -11242   23380
  -27.300  -53.000  -11.94  -28.80   20487   20044   -4239  -11263   23379
  -27.300  -52.900  -12.03  -28.86   20475   20026   -4266  -11284   23379
  -27.300  -52.800  -12.11  -28.92   20463   20008   -4293  -11305   23378
  -27.300  -52.700  -12.19  -28.98   20451   19990   -4319  -11327   23378
  -27.300  -52.600  -12.28  -29.04   20439   19972   -4346  -11348   23378
  -27.300  -52.500  -12.36  -29.10   20427   19954   -4372  -11370   23378
  -27.300  -52.400  -12.44  -29.16   20415   19936   -4398  -11391   23378
  -27.300  -52.300  -12.52  -29.22   20403   19917   -4424  -11413   23378
  -27.300  -52.200  -12.61  -29.28   20391   19899   -4450  -11435   23378
  -27.300  -52.100  -12.69  -29.35   20379   19881   -4476  -11457   23379
  -27.300  -52.000  -12.77  -29.41   20367   19863   -4502  -11479   23379
  -27.300  -51.900  -12.85  -29.47   20355   19845   -4527  -11502   23380
  -27.300  -51.800  -12.93  -29.53   20343   19827   -4553  -11524   23380
  -27.300  -51.700  -13.01  -29.59   20331   19808   -4578  -11547   23381
  -27.300  -51.600  -13.10  -29.66   20319   19790   -4604  -11569   23382
  -27.300  -51.500  -13.18  -29.72   20307   19772   -4629  -11592   23382
  -27.300  -51.400  -13.26  -29.78   20294   19754   -4654  -11615   23383
  -27.300  -51.300  -13.34  -29.85   20282   19735   -4679  -11638   23384
  -27.300  -51.200  -13.42  -29.91   20270   19717   -4703  -11661   23385
  -27.300  -51.100  -13.50  -29.98   20258   19699   -4728  -11685   23387
  -27.300  -51.000  -13.58  -30.04   20246   19680   -4753  -11708   23388
  -27.300  -50.900  -13.66  -30.11   20234   19662   -4777  -11732   23389
  -27.300  -50.800  -13.74  -30.17   20222   19644   -4802  -11755   23391
  -27.300  -50.700  -13.81  -30.24   20210   19625   -4826  -11779   23392
  -27.300  -50.600  -13.89  -30.30   20198   19607   -4850  -11803   23394
  -27.300  -50.500  -13.97  -30.37   20186   19588   -4874  -11827   23395
  -27.300  -50.400  -14.05  -30.43   20174   19570   -4898  -11851   23397
  -27.300  -50.300  -14.13  -30.50   20161   19552   -4921  -11876   23399
  -27.300  -50.200  -14.21  -30.57   20149   19533   -4945  -11900   23401
  -27.300  -50.100  -14.28  -30.63   20137   19515   -4969  -11924   23403
  -27.300  -50.000  -14.36  -30.70   20125   19496   -4992  -11949   23405
  -27.200  -54.000  -11.13  -28.10   20631   20243   -3982  -11015   23387
  -27.200  -53.900  -11.21  -28.15   20619   20225   -4010  -11035   23386
  -27.200  -53.800  -11.30  -28.21   20607   20207   -4038  -11054   23385
  -27.200  -53.700  -11.38  -28.27   20595   20190   -4065  -11074   23384
  -27.200  -53.600  -11.47  -28.33   20583   20172   -4093  -11094   23383
  -27.200  -53.500  -11.55  -28.38   20571   20154   -4120  -11115   23382
  -27.200  -53.400  -11.64  -28.44   20559   20136   -4148  -11135   23381
  -27.200  -53.300  -11.72  -28.50   20547   20118   -4175  -11156   23380
  -27.200  -53.200  -11.81  -28.56   20535   20100   -4202  -11176   23379
  -27.200  -53.100  -11.89  -28.62   20523   20082   -4229  -11197   23379
  -27.200  -53.000  -11.97  -28.68   20511   20064   -4256  -11218   23378
  -27.200  -52.900  -12.06  -28.74   20499   20046   -4282  -11239   23378
  -27.200  -52.800  -12.14  -28.80   20487   20028   -4309  -11260   23377
  -27.200  -52.700  -12.23  -28.86   20475   20010   -4336  -11282   23377
  -27.200  -52.600  -12.31  -28.92   20463   19992   -4362  -11303   23377
  -27.200  -52.500  -12.39  -28.98   20451   19974   -4388  -11325   23377
  -27.200  -52.400  -12.47  -29.04   20439   19956   -4414  -11347   23377
  -27.200  -52.300  -12.56  -29.10   20426   19938   -4441  -11369   23377
  -27.200  -52.200  -12.64  -29.16   20414   19920   -4467  -11391   23377
  -27.200  -52.100  -12.72  -29.22   20402   19902   -4492  -11413   23378
  -27.200  -52.000  -12.80  -29.28   20390   19884   -4518  -11435   23378
  -27.200  -51.900  -12.88  -29.35   20378   19865   -4544  -11458   23378
  -27.200  -51.800  -12.96  -29.41   20366   19847   -4569  -11480   23379
  -27.200  -51.700  -13.05  -29.47   20354   19829   -4595  -11503   23380
  -27.200  -51.600  -13.13  -29.54   20342   19811   -4620  -11526   23380
  -27.200  -51.500  -13.21  -29.60   20330   19792   -4645  -11548   23381
  -27.200  -51.400  -13.29  -29.66   20318   19774   -4670  -11572   23382
  -27.200  -51.300  -13.37  -29.73   20306   19756   -4695  -11595   23383
  -27.200  -51.200  -13.45  -29.79   20294   19738   -4720  -11618   23384
  -27.200  -51.100  -13.53  -29.85   20282   19719   -4745  -11641   23386
  -27.200  -51.000  -13.61  -29.92   20270   19701   -4769  -11665   23387
  -27.200  -50.900  -13.69  -29.98   20258   19683   -4794  -11689   23388
  -27.200  -50.800  -13.77  -30.05   20246   19664   -4818  -11712   23390
  -27.200  -50.700  -13.85  -30.12   20234   19646   -4842  -11736   23391
  -27.200  -50.600  -13.92  -30.18   20222   19627   -4866  -11760   23393
  -27.200  -50.500  -14.00  -30.25   20210   19609   -4890  -11784   23394
  -27.200  -50.400  -14.08  -30.31   20197   19591   -4914  -11809   23396
  -27.200  -50.300  -14.16  -30.38   20185   19572   -4938  -11833   23398
  -27.200  -50.200  -14.24  -30.45   20173   19554   -4961  -11857   23400
  -27.200  -50.100  -14.31  -30.51   20161   19535   -4985  -11882   23402
  -27.200  -50.000  -14.39  -30.58   20149   19517   -5008  -11907   23404
  -27.100  -54.000  -11.16  -27.97   20654   20264   -3999  -10969   23386
  -27.100  -53.900  -11.25  -28.03   20642   20246   -4026  -10988   23385
  -27.100  -53.800  -11.33  -28.08   20630   20228   -4054  -11008   23384
  -27.100  -53.700  -11.42  -28.14   20618   20210   -4082  -11028   23382
  -27.100  -53.600  -11.50  -28.20   20606   20192   -4109  -11049   23381
  -27.100  -53.500  -11.59  -28.26   20594   20175   -4137  -11069   23380
  -27.100  -53.400  -11.67  -28.31   20582   20157   -4164  -11089   23380
  -27.100  -53.300  -11.76  -28.37   20570   20139   -4191  -11110   23379
  -27.100  -53.200  -11.84  -28.43   20558   20121   -4218  -11131   23378
  -27.100  -53.100  -11.92  -28.49   20546   20103   -4245  -11152   23378
  -27.100  -53.000  -12.01  -28.55   20534   20085   -4272  -11173   23377
  -27.100  -52.900  -12.09  -28.61   20522   20067   -4299  -11194   23377
  -27.100  -52.800  -12.17  -28.67   20510   20049   -4325  -11215   23376
  -27.100  -52.700  -12.26  -28.73   20498   20031   -4352  -11237   23376
  -27.100  -52.600  -12.34  -28.79   20486   20013   -4378  -11258   23376
  -27.100  -52.500  -12.42  -28.85   20474   19995   -4405  -11280   23376
  -27.100  -52.400  -12.51  -28.91   20462   19977   -4431  -11302   23376
  -27.100  -52.300  -12.59  -28.97   20450   19959   -4457  -11324   23376
  -27.100  -52.200  -12.67  -29.04   20438   19940   -4483  -11346   23376
  -27.100  -52.100  -12.75  -29.10   20426   19922   -4509  -11368   23377
  -27.100  -52.000  -12.83  -29.16   20414   19904   -4534  -11391   23377
  -27.100  -51.900  -12.92  -29.22   20402   19886   -4560  -11413   23378
  -27.100  -51.800  -13.00  -29.29   20390   19868   -4586  -11436   23378
  -27.100  -51.700  -13.08  -29.35   20378   19850   -4611  -11459   23379
  -27.100  -51.600  -13.16  -29.41   20366   19831   -4636  -11482   23380
  -27.100  -51.500  -13.24  -29.48   20354   19813   -4661  -11505   23380
  -27.100  -51.400  -13.32  -29.54   20342   19795   -4686  -11528   23381
  -27.100  -51.300  -13.40  -29.60   20330   19776   -4711  -11551   23382
  -27.100  -51.200  -13.48  -29.67   20318   19758   -4736  -11574   23383
  -27.100  -51.100  -13.56  -29.73   20306   19740   -4761  -11598   23385
  -27.100  -51.000  -13.64  -29.80   20294   19722   -4785  -11622   23386
  -27.100  -50.900  -13.72  -29.86   20282   19703   -4810  -11645   23387
  -27.100  -50.800  -13.80  -29.93   20270   19685   -4834  -11669   23389
  -27.100  -50.700  -13.88  -29.99   20258   19666   -4858  -11693   23390
  -27.100  -50.600  -13.96  -30.06   20246   19648   -4883  -11717   23392
  -27.100  -50.500  -14.03  -30.13   20234   19630   -4907  -11742   23394
  -27.100  -50.400  -14.11  -30.19   20221   19611   -4930  -11766   23395
  -27.100  -50.300  -14.19  -30.26   20209   19593   -4954  -11790   23397
  -27.100  -50.200  -14.27  -30.33   20197   19574   -4978  -11815   23399
  -27.100  -50.100  -14.35  -30.39   20185   19556   -5001  -11840   23401
  -27.100  -50.000  -14.42  -30.46   20173   19537   -5025  -11864   23403
  -27.000  -54.000  -11.20  -27.84   20678   20284   -4015  -10922   23385
  -27.000  -53.900  -11.28  -27.90   20666   20267   -4043  -10942   23384
  -27.000  -53.800  -11.37  -27.96   20654   20249   -4070  -10962   23383
  -27.000  -53.700  -11.45  -28.01   20642   20231   -4098  -10982   23382
  -27.000  -53.600  -11.54  -28.07   20630   20213   -4126  -11002   23380
  -27.000  -53.500  -11.62  -28.13   20618   20195   -4153  -11023   23380
  -27.000  -53.400  -11.70  -28.19   20606   20177   -4180  -11043   23379
  -27.000  -53.300  -11.79  -28.25   20594   20160   -4207  -11064   23378
  -27.000  -53.200  -11.87  -28.31   20582   20142   -4235  -11085   23377
  -27.000  -53.100  -11.96  -28.37   20570   20124   -4262  -11106   23377
  -27.000  -53.000  -12.04  -28.43   20558   20106   -4288  -11127   23376
  -27.000  -52.900  -12.12  -28.48   20546   20088   -4315  -11149   23376
  -27.000  -52.800  -12.21  -28.55   20534   20070   -4342  -11170   23375
  -27.000  -52.700  -12.29  -28.61   20522   20052   -4368  -11192   23375
  -27.000  -52.600  -12.37  -28.67   20510   20034   -4395  -11213   23375
  -27.000  -52.500  -12.46  -28.73   20498   20016   -4421  -11235   23375
  -27.000  -52.400  -12.54  -28.79   20486   19997   -4447  -11257   23375
  -27.000  -52.300  -12.62  -28.85   20474   19979   -4473  -11279   23375
  -27.000  -52.200  -12.70  -28.91   20462   19961   -4499  -11301   23375
  -27.000  -52.100  -12.78  -28.97   20450   19943   -4525  -11324   23376
  -27.000  -52.000  -12.87  -29.04   20438   19925   -4551  -11346   23376
  -27.000  -51.900  -12.95  -29.10   20426   19907   -4576  -11369   23377
  -27.000  -51.800  -13.03  -29.16   20414   19889   -4602  -11392   23377
  -27.000  -51.700  -13.11  -29.23   20402   19870   -4627  -11414   23378
  -27.000  -51.600  -13.19  -29.29   20390   19852   -4653  -11437   23379
  -27.000  -51.500  -13.27  -29.35   20378   19834   -4678  -11461   23380
  -27.000  -51.400  -13.35  -29.42   20366   19816   -4703  -11484   23381
  -27.000  -51.300  -13.43  -29.48   20354   19797   -4728  -11507   23382
  -27.000  -51.200  -13.51  -29.55   20342   19779   -4753  -11531   23383
  -27.000  -51.100  -13.59  -29.61   20330   19761   -4777  -11554   23384
  -27.000  -51.000  -13.67  -29.68   20318   19742   -4802  -11578   23385
  -27.000  -50.900  -13.75  -29.74   20306   19724   -4826  -11602   23387
  -27.000  -50.800  -13.83  -29.81   20294   19706   -4851  -11626   23388
  -27.000  -50.700  -13.91  -29.87   20282   19687   -4875  -11650   23390
  -27.000  -50.600  -13.99  -29.94   20270   19669   -4899  -11674   23391
  -27.000  -50.500  -14.06  -30.01   20258   19650   -4923  -11698   23393
  -27.000  -50.400  -14.14  -30.07   20246   19632   -4947  -11723   23395
  -27.000  -50.300  -14.22  -30.14   20233   19613   -4970  -11747   23396
  -27.000  -50.200  -14.30  -30.21   20221   19595   -4994  -11772   23398
  -27.000  -50.100  -14.38  -30.27   20209   19577   -5017  -11797   23400
  -27.000  -50.000  -14.45  -30.34   20197   19558   -5041  -11822   23403
  -26.900  -54.000  -11.23  -27.71   20702   20305   -4031  -10875   23384
  -26.900  -53.900  -11.31  -27.77   20690   20288   -4059  -10895   23383
  -26.900  -53.800  -11.40  -27.83   20678   20270   -4087  -10916   23382
  -26.900  -53.700  -11.48  -27.89   20666   20252   -4114  -10936   23381
  -26.900  -53.600  -11.57  -27.94   20654   20234   -4142  -10956   23380
  -26.900  -53.500  -11.65  -28.00   20642   20216   -4169  -10977   23379
  -26.900  -53.400  -11.74  -28.06   20630   20198   -4197  -10997   23378
  -26.900  -53.300  -11.82  -28.12   20618   20180   -4224  -11018   23377
  -26.900  -53.200  -11.91  -28.18   20606   20162   -4251  -11039   23376
  -26.900  -53.100  -11.99  -28.24   20594   20145   -4278  -11060   23376
  -26.900  -53.000  -12.07  -28.30   20582   20127   -4305  -11082   23375
  -26.900  -52.900  -12.16  -28.36   20570   20109   -4331  -11103   23375
  -26.900  -52.800  -12.24  -28.42   20558   20091   -4358  -11124   23375
  -26.900  -52.700  -12.32  -28.48   20546   20073   -4385  -11146   23375
  -26.900  -52.600  -12.40  -28.54   20534   20054   -4411  -11168   23374
  -26.900  -52.500  -12.49  -28.60   20522   20036   -4437  -11190   23374
  -26.900  -52.400  -12.57  -28.66   20510   20018   -4464  -11212   23374
  -26.900  -52.300  -12.65  -28.73   20498   20000   -4490  -11234   23375
  -26.900  -52.200  -12.73  -28.79   20486   19982   -4516  -11256   23375
  -26.900  -52.100  -12.82  -28.85   20474   19964   -4541  -11279   23375
  -26.900  -52.000  -12.90  -28.91   20462   19946   -4567  -11302   23376
  -26.900  -51.900  -12.98  -28.98   20450   19928   -4593  -11324   23376
  -26.900  -51.800  -13.06  -29.04   20438   19909   -4618  -11347   23377
  -26.900  -51.700  -13.14  -29.10   20426   19891   -4644  -11370   23377
  -26.900  -51.600  -13.22  -29.17   20414   19873   -4669  -11393   23378
  -26.900  -51.500  -13.30  -29.23   20402   19855   -4694  -11416   23379
  -26.900  -51.400  -13.38  -29.29   20390   19836   -4719  -11440   23380
  -26.900  -51.300  -13.46  -29.36   20378   19818   -4744  -11463   23381
  -26.900  -51.200  -13.54  -29.42   20366   19800   -4769  -11487   23382
  -26.900  -51.100  -13.62  -29.49   20354   19782   -4794  -11511   23383
  -26.900  -51.000  -13.70  -29.55   20342   19763   -4818  -11534   23385
  -26.900  -50.900  -13.78  -29.62   20330   19745   -4843  -11558   23386
  -26.900  -50.800  -13.86  -29.69   20318   19726   -4867  -11582   23387
  -26.900  -50.700  -13.94  -29.75   20306   19708   -4891  -11607   23389
  -26.900  -50.600  -14.02  -29.82   20294   19690   -4915  -11631   23391
  -26.900  -50.500  -14.09  -29.88   20282   19671   -4939  -11655   23392
  -26.900  -50.400  -14.17  -29.95   20270   19653   -4963  -11680   23394
  -26.900  -50.300  -14.25  -30.02   20258   19634   -4987  -11704   23396
  -26.900  -50.200  -14.33  -30.09   20246   19616   -5010  -11729   23398
  -26.900  -50.100  -14.41  -30.15   20234   19597   -5034  -11754   23400
  -26.900  -50.000  -14.48  -30.22   20222   19579   -5057  -11779   23402
  -26.800  -54.000  -11.26  -27.59   20725   20326   -4048  -10829   23384
  -26.800  -53.900  -11.35  -27.64   20713   20309   -4075  -10849   23383
  -26.800  -53.800  -11.43  -27.70   20701   20291   -4103  -10869   23381
  -26.800  -53.700  -11.52  -27.76   20689   20273   -4131  -10889   23380
  -26.800  -53.600  -11.60  -27.82   20677   20255   -4158  -10910   23379
  -26.800  -53.500  -11.69  -27.88   20666   20237   -4186  -10930   23378
  -26.800  -53.400  -11.77  -27.93   20654   20219   -4213  -10951   23377
  -26.800  -53.300  -11.85  -27.99   20642   20201   -4240  -10972   23377
  -26.800  -53.200  -11.94  -28.05   20630   20183   -4267  -10993   23376
  -26.800  -53.100  -12.02  -28.11   20618   20166   -4294  -11014   23375
  -26.800  -53.000  -12.10  -28.17   20606   20148   -4321  -11036   23375
  -26.800  -52.900  -12.19  -28.23   20594   20130   -4348  -11057   23374
  -26.800  -52.800  -12.27  -28.29   20582   20112   -4374  -11079   23374
  -26.800  -52.700  -12.35  -28.35   20570   20094   -4401  -11101   23374
  -26.800  -52.600  -12.44  -28.41   20558   20075   -4427  -11123   23374
  -26.800  -52.500  -12.52  -28.48   20546   20057   -4454  -11145   23374
  -26.800  -52.400  -12.60  -28.54   20534   20039   -4480  -11167   23374
  -26.800  -52.300  -12.68  -28.60   20522   20021   -4506  -11189   23374
  -26.800  -52.200  -12.77  -28.66   20510   20003   -4532  -11211   23374
  -26.800  -52.100  -12.85  -28.73   20498   19985   -4558  -11234   23375
  -26.800  -52.000  -12.93  -28.79   20486   19967   -4584  -11257   23375
  -26.800  -51.900  -13.01  -28.85   20474   19949   -4609  -11280   23376
  -26.800  -51.800  -13.09  -28.91   20462   19930   -4635  -11302   23376
  -26.800  -51.700  -13.17  -28.98   20450   19912   -4660  -11326   23377
  -26.800  -51.600  -13.25  -29.04   20438   19894   -4685  -11349   23378
  -26.800  -51.500  -13.33  -29.11   20426   19876   -4710  -11372   23379
  -26.800  -51.400  -13.41  -29.17   20414   19857   -4735  -11396   23379
  -26.800  -51.300  -13.49  -29.24   20402   19839   -4760  -11419   23381
  -26.800  -51.200  -13.57  -29.30   20390   19821   -4785  -11443   23382
  -26.800  -51.100  -13.65  -29.37   20378   19803   -4810  -11467   23383
  -26.800  -51.000  -13.73  -29.43   20366   19784   -4834  -11491   23384
  -26.800  -50.900  -13.81  -29.50   20354   19766   -4859  -11515   23386
  -26.800  -50.800  -13.89  -29.56   20342   19747   -4883  -11539   23387
  -26.800  -50.700  -13.97  -29.63   20330   19729   -4907  -11563   23389
  -26.800  -50.600  -14.05  -29.70   20318   19711   -4931  -11587   23390
  -26.800  -50.500  -14.12  -29.76   20306   19692   -4955  -11612   23392
  -26.800  -50.400  -14.20  -29.83   20294   19674   -4979  -11637   23394
  -26.800  -50.300  -14.28  -29.90   20282   19655   -5003  -11661   23396
  -26.800  -50.200  -14.36  -29.96   20270   19637   -5027  -11686   23398
  -26.800  -50.100  -14.44  -30.03   20258   19619   -5050  -11711   23400
  -26.800  -50.000  -14.51  -30.10   20246   19600   -5073  -11736   23402
  -26.700  -54.000  -11.30  -27.46   20749   20347   -4064  -10782   23383
  -26.700  -53.900  -11.38  -27.51   20737   20330   -4092  -10802   23382
  -26.700  -53.800  -11.46  -27.57   20725   20312   -4120  -10822   23381
  -26.700  -53.700  -11.55  -27.63   20713   20294   -4147  -10843   23380
  -26.700  -53.600  -11.63  -27.69   20701   20276   -4175  -10863   23379
  -26.700  -53.500  -11.72  -27.75   20690   20258   -4202  -10884   23378
  -26.700  -53.400  -11.80  -27.81   20678   20240   -4229  -10905   23377
  -26.700  -53.300  -11.89  -27.87   20666   20223   -4257  -10926   23376
  -26.700  -53.200  -11.97  -27.93   20654   20205   -4284  -10947   23376
  -26.700  -53.100  -12.05  -27.98   20642   20187   -4311  -10968   23375
  -26.700  -53.000  -12.14  -28.05   20630   20169   -4337  -10990   23374
  -26.700  -52.900  -12.22  -28.11   20618   20151   -4364  -11011   23374
  -26.700  -52.800  -12.30  -28.17   20606   20133   -4391  -11033   23374
  -26.700  -52.700  -12.39  -28.23   20594   20115   -4417  -11055   23374
  -26.700  -52.600  -12.47  -28.29   20582   20097   -4444  -11077   23374
  -26.700  -52.500  -12.55  -28.35   20570   20079   -4470  -11099   23373
  -26.700  -52.400  -12.63  -28.41   20558   20060   -4496  -11121   23374
  -26.700  -52.300  -12.72  -28.47   20546   20042   -4522  -11144   23374
  -26.700  -52.200  -12.80  -28.54   20534   20024   -4548  -11166   23374
  -26.700  -52.100  -12.88  -28.60   20522   20006   -4574  -11189   23374
  -26.700  -52.000  -12.96  -28.66   20510   19988   -4600  -11212   23375
  -26.700  -51.900  -13.04  -28.73   20498   19970   -4625  -11235   23375
  -26.700  -51.800  -13.12  -28.79   20486   19952   -4651  -11258   23376
  -26.700  -51.700  -13.20  -28.85   20475   19933   -4676  -11281   23377
  -26.700  -51.600  -13.28  -28.92   20463   19915   -4702  -11304   23377
  -26.700  -51.500  -13.36  -28.98   20451   19897   -4727  -11328   23378
  -26.700  -51.400  -13.44  -29.05   20439   19879   -4752  -11351   23379
  -26.700  -51.300  -13.52  -29.11   20427   19860   -4777  -11375   23380
  -26.700  -51.200  -13.60  -29.18   20415   19842   -4801  -11399   23381
  -26.700  -51.100  -13.68  -29.24   20403   19824   -4826  -11423   23383
  -26.700  -51.000  -13.76  -29.31   20391   19805   -4851  -11447   23384
  -26.700  -50.900  -13.84  -29.37   20379   19787   -4875  -11471   23385
  -26.700  -50.800  -13.92  -29.44   20367   19769   -4899  -11495   23387
  -26.700  -50.700  -14.00  -29.51   20355   19750   -4924  -11519   23388
  -26.700  -50.600  -14.08  -29.57   20343   19732   -4948  -11544   23390
  -26.700  -50.500  -14.15  -29.64   20331   19713   -4972  -11569   23392
  -26.700  -50.400  -14.23  -29.71   20319   19695   -4995  -11593   23393
  -26.700  -50.300  -14.31  -29.78   20307   19677   -5019  -11618   23395
  -26.700  -50.200  -14.39  -29.84   20295   19658   -5043  -11643   23397
  -26.700  -50.100  -14.46  -29.91   20283   19640   -5066  -11668   23399
  -26.700  -50.000  -14.54  -29.98   20271   19621   -5090  -11693   23401
  -26.600  -54.000  -11.33  -27.33   20773   20369   -4080  -10735   23383
  -26.600  -53.900  -11.41  -27.39   20761   20351   -4108  -10755   23382
  -26.600  -53.800  -11.50  -27.44   20749   20333   -4136  -10775   23381
  -26.600  -53.700  -11.58  -27.50   20738   20315   -4163  -10796   23379
  -26.600  -53.600  -11.67  -27.56   20726   20297   -4191  -10817   23378
  -26.600  -53.500  -11.75  -27.62   20714   20280   -4218  -10838   23377
  -26.600  -53.400  -11.83  -27.68   20702   20262   -4246  -10858   23377
  -26.600  -53.300  -11.92  -27.74   20690   20244   -4273  -10880   23376
  -26.600  -53.200  -12.00  -27.80   20678   20226   -4300  -10901   23375
  -26.600  -53.100  -12.09  -27.86   20666   20208   -4327  -10922   23375
  -26.600  -53.000  -12.17  -27.92   20654   20190   -4354  -10944   23374
  -26.600  -52.900  -12.25  -27.98   20642   20172   -4380  -10965   23374
  -26.600  -52.800  -12.33  -28.04   20630   20154   -4407  -10987   23374
  -26.600  -52.700  -12.42  -28.10   20618   20136   -4434  -11009   23373
  -26.600  -52.600  -12.50  -28.16   20606   20118   -4460  -11031   23373
  -26.600  -52.500  -12.58  -28.22   20594   20100   -4486  -11054   23373
  -26.600  -52.400  -12.66  -28.29   20582   20082   -4513  -11076   23373
  -26.600  -52.300  -12.75  -28.35   20571   20064   -4539  -11098   23374
  -26.600  -52.200  -12.83  -28.41   20559   20046   -4565  -11121   23374
  -26.600  -52.100  -12.91  -28.47   20547   20027   -4590  -11144   23374
  -26.600  -52.000  -12.99  -28.54   20535   20009   -4616  -11167   23375
  -26.600  -51.900  -13.07  -28.60   20523   19991   -4642  -11190   23375
  -26.600  -51.800  -13.15  -28.66   20511   19973   -4667  -11213   23376
  -26.600  -51.700  -13.23  -28.73   20499   19955   -4693  -11236   23376
  -26.600  -51.600  -13.31  -28.79   20487   19936   -4718  -11260   23377
  -26.600  -51.500  -13.39  -28.86   20475   19918   -4743  -11283   23378
  -26.600  -51.400  -13.47  -28.92   20463   19900   -4768  -11307   23379
  -26.600  -51.300  -13.55  -28.99   20451   19882   -4793  -11330   23380
  -26.600  -51.200  -13.63  -29.05   20439   19863   -4818  -11354   23381
  -26.600  -51.100  -13.71  -29.12   20427   19845   -4842  -11378   23382
  -26.600  -51.000  -13.79  -29.18   20415   19827   -4867  -11402   23384
  -26.600  -50.900  -13.87  -29.25   20403   19808   -4891  -11427   23385
  -26.600  -50.800  -13.95  -29.32   20391   19790   -4916  -11451   23387
  -26.600  -50.700  -14.03  -29.38   20379   19772   -4940  -11476   23388
  -26.600  -50.600  -14.11  -29.45   20367   19753   -4964  -11500   23390
  -26.600  -50.500  -14.18  -29.52   20355   19735   -4988  -11525   23392
  -26.600  -50.400  -14.26  -29.59   20343   19716   -5012  -11550   23393
  -26.600  -50.300  -14.34  -29.65   20331   19698   -5035  -11575   23395
  -26.600  -50.200  -14.42  -29.72   20319   19679   -5059  -11600   23397
  -26.600  -50.100  -14.49  -29.79   20307   19661   -5082  -11625   23399
  -26.600  -50.000  -14.57  -29.86   20295   19643   -5106  -11650   23401
  -26.500  -54.000  -11.36  -27.20   20797   20390   -4097  -10688   23383
  -26.500  -53.900  -11.45  -27.26   20786   20372   -4124  -10708   23382
  -26.500  -53.800  -11.53  -27.31   20774   20354   -4152  -10728   23380
  -26.500  -53.700  -11.61  -27.37   20762   20337   -4180  -10749   23379
  -26.500  -53.600  -11.70  -27.43   20750   20319   -4207  -10770   23378
  -26.500  -53.500  -11.78  -27.49   20738   20301   -4235  -10791   23377
  -26.500  -53.400  -11.87  -27.55   20726   20283   -4262  -10812   23377
  -26.500  -53.300  -11.95  -27.61   20714   20265   -4289  -10833   23376
  -26.500  -53.200  -12.03  -27.67   20702   20247   -4316  -10854   23375
  -26.500  -53.100  -12.12  -27.73   20690   20229   -4343  -10876   23375
  -26.500  -53.000  -12.20  -27.79   20678   20211   -4370  -10898   23374
  -26.500  -52.900  -12.28  -27.85   20666   20193   -4397  -10919   23374
  -26.500  -52.800  -12.37  -27.91   20655   20175   -4423  -10941   23374
  -26.500  -52.700  -12.45  -27.97   20643   20157   -4450  -10963   23373
  -26.500  -52.600  -12.53  -28.03   20631   20139   -4476  -10986   23373
  -26.500  -52.500  -12.61  -28.10   20619   20121   -4503  -11008   23373
  -26.500  -52.400  -12.70  -28.16   20607   20103   -4529  -11030   23373
  -26.500  -52.300  -12.78  -28.22   20595   20085   -4555  -11053   23374
  -26.500  -52.200  -12.86  -28.28   20583   20067   -4581  -11076   23374
  -26.500  -52.100  -12.94  -28.35   20571   20049   -4607  -11098   23374
  -26.500  -52.000  -13.02  -28.41   20559   20031   -4632  -11121   23375
  -26.500  -51.900  -13.10  -28.47   20547   20012   -4658  -11145   23375
  -26.500  -51.800  -13.18  -28.54   20535   19994   -4683  -11168   23376
  -26.500  -51.700  -13.26  -28.60   20524   19976   -4709  -11191   23376
  -26.500  -51.600  -13.34  -28.67   20512   19958   -4734  -11215   23377
  -26.500  -51.500  -13.42  -28.73   20500   19940   -4759  -11238   23378
  -26.500  -51.400  -13.50  -28.80   20488   19921   -4784  -11262   23379
  -26.500  -51.300  -13.58  -28.86   20476   19903   -4809  -11286   23380
  -26.500  -51.200  -13.66  -28.93   20464   19885   -4834  -11310   23381
  -26.500  -51.100  -13.74  -28.99   20452   19866   -4859  -11334   23382
  -26.500  -51.000  -13.82  -29.06   20440   19848   -4883  -11358   23384
  -26.500  -50.900  -13.90  -29.13   20428   19830   -4908  -11383   23385
  -26.500  -50.800  -13.98  -29.19   20416   19811   -4932  -11407   23387
  -26.500  -50.700  -14.06  -29.26   20404   19793   -4956  -11432   23388
  -26.500  -50.600  -14.14  -29.33   20392   19775   -4980  -11456   23390
  -26.500  -50.500  -14.21  -29.39   20380   19756   -5004  -11481   23392
  -26.500  -50.400  -14.29  -29.46   20368   19738   -5028  -11506   23393
  -26.500  -50.300  -14.37  -29.53   20356   19719   -5052  -11531   23395
  -26.500  -50.200  -14.45  -29.60   20344   19701   -5075  -11556   23397
  -26.500  -50.100  -14.52  -29.67   20332   19682   -5099  -11582   23399
  -26.500  -50.000  -14.60  -29.74   20320   19664   -5122  -11607   23401
  -26.400  -54.000  -11.39  -27.07   20822   20412   -4113  -10640   23383
  -26.400  -53.900  -11.48  -27.13   20810   20394   -4141  -10661   23382
  -26.400  -53.800  -11.56  -27.18   20798   20376   -4168  -10681   23380
  -26.400  -53.700  -11.65  -27.24   20786   20358   -4196  -10702   23379
  -26.400  -53.600  -11.73  -27.30   20774   20340   -4224  -10723   23378
  -26.400  -53.500  -11.81  -27.36   20762   20322   -4251  -10744   23377
  -26.400  -53.400  -11.90  -27.42   20750   20305   -4278  -10765   23377
  -26.400  -53.300  -11.98  -27.48   20738   20287   -4305  -10786   23376
  -26.400  -53.200  -12.07  -27.54   20727   20269   -4332  -10808   23375
  -26.400  -53.100  -12.15  -27.60   20715   20251   -4359  -10830   23375
  -26.400  -53.000  -12.23  -27.66   20703   20233   -4386  -10851   23374
  -26.400  -52.900  -12.31  -27.72   20691   20215   -4413  -10873   23374
  -26.400  -52.800  -12.40  -27.78   20679   20197   -4440  -10895   23374
  -26.400  -52.700  -12.48  -27.84   20667   20179   -4466  -10917   23373
  -26.400  -52.600  -12.56  -27.91   20655   20161   -4493  -10940   23373
  -26.400  -52.500  -12.64  -27.97   20643   20143   -4519  -10962   23373
  -26.400  -52.400  -12.73  -28.03   20631   20125   -4545  -10985   23373
  -26.400  -52.300  -12.81  -28.09   20620   20107   -4571  -11007   23374
  -26.400  -52.200  -12.89  -28.16   20608   20088   -4597  -11030   23374
  -26.400  -52.100  -12.97  -28.22   20596   20070   -4623  -11053   23374
  -26.400  -52.000  -13.05  -28.28   20584   20052   -4649  -11076   23375
  -26.400  -51.900  -13.13  -28.35   20572   20034   -4674  -11099   23375
  -26.400  -51.800  -13.21  -28.41   20560   20016   -4700  -11123   23376
  -26.400  -51.700  -13.29  -28.48   20548   19998   -4725  -11146   23377
  -26.400  -51.600  -13.37  -28.54   20536   19979   -4750  -11170   23377
  -26.400  -51.500  -13.45  -28.61   20524   19961   -4776  -11193   23378
  -26.400  -51.400  -13.53  -28.67   20512   19943   -4801  -11217   23379
  -26.400  -51.300  -13.61  -28.74   20501   19925   -4825  -11241   23380
  -26.400  -51.200  -13.69  -28.80   20489   19906   -4850  -11265   23381
  -26.400  -51.100  -13.77  -28.87   20477   19888   -4875  -11290   23383
  -26.400  -51.000  -13.85  -28.94   20465   19870   -4899  -11314   23384
  -26.400  -50.900  -13.93  -29.00   20453   19851   -4924  -11338   23385
  -26.400  -50.800  -14.01  -29.07   20441   19833   -4948  -11363   23387
  -26.400  -50.700  -14.09  -29.14   20429   19815   -4972  -11388   23388
  -26.400  -50.600  -14.17  -29.20   20417   19796   -4996  -11412   23390
  -26.400  -50.500  -14.24  -29.27   20405   19778   -5020  -11437   23392
  -26.400  -50.400  -14.32  -29.34   20393   19759   -5044  -11462   23394
  -26.400  -50.300  -14.40  -29.41   20381   19741   -5068  -11487   23396
  -26.400  -50.200  -14.48  -29.48   20369   19722   -5091  -11513   23397
  -26.400  -50.100  -14.55  -29.54   20357   19704   -5115  -11538   23400
  -26.400  -50.000  -14.63  -29.61   20345   19686   -5138  -11564   23402
  -26.300  -54.000  -11.42  -26.94   20846   20433   -4129  -10593   23383
  -26.300  -53.900  -11.51  -27.00   20834   20415   -4157  -10613   23382
  -26.300  -53.800  -11.59  -27.05   20822   20398   -4185  -10634   23381
  -26.300  -53.700  -11.68  -27.11   20811   20380   -4212  -10655   23380
  -26.300  -53.600  -11.76  -27.17   20799   20362   -4240  -10676   23379
  -26.300  -53.500  -11.85  -27.23   20787   20344   -4267  -10697   23378
  -26.300  -53.400  -11.93  -27.29   20775   20326   -4294  -10718   23377
  -26.300  -53.300  -12.01  -27.35   20763   20308   -4322  -10740   23376
  -26.300  -53.200  -12.10  -27.41   20751   20290   -4349  -10761   23376
  -26.300  -53.100  -12.18  -27.47   20739   20272   -4376  -10783   23375
  -26.300  -53.000  -12.26  -27.53   20727   20254   -4403  -10805   23375
  -26.300  -52.900  -12.35  -27.59   20716   20236   -4429  -10827   23374
  -26.300  -52.800  -12.43  -27.65   20704   20218   -4456  -10849   23374
  -26.300  -52.700  -12.51  -27.72   20692   20200   -4482  -10871   23374
  -26.300  -52.600  -12.59  -27.78   20680   20182   -4509  -10893   23374
  -26.300  -52.500  -12.68  -27.84   20668   20164   -4535  -10916   23374
  -26.300  -52.400  -12.76  -27.90   20656   20146   -4561  -10939   23374
  -26.300  -52.300  -12.84  -27.97   20644   20128   -4587  -10961   23374
  -26.300  -52.200  -12.92  -28.03   20632   20110   -4613  -10984   23374
  -26.300  -52.100  -13.00  -28.09   20621   20092   -4639  -11007   23375
  -26.300  -52.000  -13.08  -28.16   20609   20074   -4665  -11031   23375
  -26.300  -51.900  -13.16  -28.22   20597   20056   -4690  -11054   23376
  -26.300  -51.800  -13.24  -28.29   20585   20037   -4716  -11077   23376
  -26.300  -51.700  -13.32  -28.35   20573   20019   -4741  -11101   23377
  -26.300  -51.600  -13.40  -28.42   20561   20001   -4767  -11125   23378
  -26.300  -51.500  -13.48  -28.48   20549   19983   -4792  -11148   23379
  -26.300  -51.400  -13.56  -28.55   20537   19964   -4817  -11172   23380
  -26.300  -51.300  -13.64  -28.61   20525   19946   -4842  -11196   23381
  -26.300  -51.200  -13.72  -28.68   20514   19928   -4866  -11221   23382
  -26.300  -51.100  -13.80  -28.74   20502   19910   -4891  -11245   23383
  -26.300  -51.000  -13.88  -28.81   20490   19891   -4916  -11269   23384
  -26.300  -50.900  -13.96  -28.88   20478   19873   -4940  -11294   23386
  -26.300  -50.800  -14.04  -28.94   20466   19855   -4964  -11319   23387
  -26.300  -50.700  -14.12  -29.01   20454   19836   -4989  -11343   23389
  -26.300  -50.600  -14.19  -29.08   20442   19818   -5013  -11368   23390
  -26.300  -50.500  -14.27  -29.15   20430   19799   -5037  -11393   23392
  -26.300  -50.400  -14.35  -29.22   20418   19781   -5060  -11418   23394
  -26.300  -50.300  -14.43  -29.28   20406   19763   -5084  -11444   23396
  -26.300  -50.200  -14.50  -29.35   20394   19744   -5108  -11469   23398
  -26.300  -50.100  -14.58  -29.42   20382   19726   -5131  -11495   23400
  -26.300  -50.000  -14.66  -29.49   20370   19707   -5154  -11520   23402
  -26.200  -54.000  -11.46  -26.81   20871   20455   -4145  -10545   23383
  -26.200  -53.900  -11.54  -26.86   20859   20437   -4173  -10566   23382
  -26.200  -53.800  -11.63  -26.92   20847   20419   -4201  -10587   23381
  -26.200  -53.700  -11.71  -26.98   20835   20401   -4229  -10608   23380
  -26.200  -53.600  -11.79  -27.04   20823   20384   -4256  -10629   23379
  -26.200  -53.500  -11.88  -27.10   20811   20366   -4283  -10650   23378
  -26.200  -53.400  -11.96  -27.16   20800   20348   -4311  -10671   23377
  -26.200  -53.300  -12.04  -27.22   20788   20330   -4338  -10693   23377
  -26.200  -53.200  -12.13  -27.28   20776   20312   -4365  -10714   23376
  -26.200  -53.100  -12.21  -27.34   20764   20294   -4392  -10736   23375
  -26.200  -53.000  -12.29  -27.40   20752   20276   -4419  -10758   23375
  -26.200  -52.900  -12.38  -27.46   20740   20258   -4446  -10780   23375
  -26.200  -52.800  -12.46  -27.53   20728   20240   -4472  -10802   23374
  -26.200  -52.700  -12.54  -27.59   20717   20222   -4499  -10825   23374
  -26.200  -52.600  -12.62  -27.65   20705   20204   -4525  -10847   23374
  -26.200  -52.500  -12.71  -27.71   20693   20186   -4551  -10870   23374
  -26.200  -52.400  -12.79  -27.78   20681   20168   -4578  -10893   23374
  -26.200  -52.300  -12.87  -27.84   20669   20150   -4604  -10916   23374
  -26.200  -52.200  -12.95  -27.90   20657   20132   -4630  -10939   23375
  -26.200  -52.100  -13.03  -27.97   20645   20114   -4655  -10962   23375
  -26.200  -52.000  -13.11  -28.03   20634   20096   -4681  -10985   23375
  -26.200  -51.900  -13.19  -28.09   20622   20077   -4707  -11008   23376
  -26.200  -51.800  -13.27  -28.16   20610   20059   -4732  -11032   23377
  -26.200  -51.700  -13.35  -28.22   20598   20041   -4758  -11056   23377
  -26.200  -51.600  -13.43  -28.29   20586   20023   -4783  -11079   23378
  -26.200  -51.500  -13.51  -28.35   20574   20005   -4808  -11103   23379
  -26.200  -51.400  -13.59  -28.42   20562   19986   -4833  -11127   23380
  -26.200  -51.300  -13.67  -28.49   20550   19968   -4858  -11151   23381
  -26.200  -51.200  -13.75  -28.55   20539   19950   -4883  -11176   23382
  -26.200  -51.100  -13.83  -28.62   20527   19931   -4907  -11200   23383
  -26.200  -51.000  -13.91  -28.69   20515   19913   -4932  -11225   23385
  -26.200  -50.900  -13.99  -28.75   20503   19895   -4956  -11249   23386
  -26.200  -50.800  -14.07  -28.82   20491   19876   -4981  -11274   23388
  -26.200  -50.700  -14.15  -28.89   20479   19858   -5005  -11299   23389
  -26.200  -50.600  -14.22  -28.95   20467   19840   -5029  -11324   23391
  -26.200  -50.500  -14.30  -29.02   20455   19821   -5053  -11349   23393
  -26.200  -50.400  -14.38  -29.09   20443   19803   -5077  -11374   23394
  -26.200  -50.300  -14.46  -29.16   20431   19784   -5100  -11400   23396
  -26.200  -50.200  -14.53  -29.23   20419   19766   -5124  -11425   23398
  -26.200  -50.100  -14.61  -29.30   20407   19748   -5147  -11451   23400
  -26.200  -50.000  -14.69  -29.37   20395   19729   -5171  -11476   23403
  -26.100  -54.000  -11.49  -26.67   20895   20477   -4162  -10497   23384
  -26.100  -53.900  -11.57  -26.73   20883   20459   -4189  -10518   23383
  -26.100  -53.800  -11.66  -26.79   20872   20441   -4217  -10539   23382
  -26.100  -53.700  -11.74  -26.85   20860   20423   -4245  -10560   23380
  -26.100  -53.600  -11.83  -26.91   20848   20406   -4272  -10581   23379
  -26.100  -53.500  -11.91  -26.97   20836   20388   -4300  -10603   23379
  -26.100  -53.400  -11.99  -27.03   20824   20370   -4327  -10624   23378
  -26.100  -53.300  -12.08  -27.09   20812   20352   -4354  -10646   23377
  -26.100  -53.200  -12.16  -27.15   20801   20334   -4381  -10667   23376
  -26.100  -53.100  -12.24  -27.21   20789   20316   -4408  -10689   23376
  -26.100  -53.000  -12.33  -27.27   20777   20298   -4435  -10711   23376
  -26.100  -52.900  -12.41  -27.33   20765   20280   -4462  -10734   23375
  -26.100  -52.800  -12.49  -27.40   20753   20262   -4488  -10756   23375
  -26.100  -52.700  -12.57  -27.46   20741   20244   -4515  -10778   23375
  -26.100  -52.600  -12.65  -27.52   20730   20226   -4541  -10801   23375
  -26.100  -52.500  -12.74  -27.58   20718   20208   -4568  -10824   23375
  -26.100  -52.400  -12.82  -27.65   20706   20190   -4594  -10846   23375
  -26.100  -52.300  -12.90  -27.71   20694   20172   -4620  -10869   23375
  -26.100  -52.200  -12.98  -27.77   20682   20154   -4646  -10893   23375
  -26.100  -52.100  -13.06  -27.84   20670   20136   -4672  -10916   23376
  -26.100  -52.000  -13.14  -27.90   20659   20117   -4697  -10939   23376
  -26.100  -51.900  -13.22  -27.97   20647   20099   -4723  -10963   23377
  -26.100  -51.800  -13.30  -28.03   20635   20081   -4748  -10986   23377
  -26.100  -51.700  -13.38  -28.10   20623   20063   -4774  -11010   23378
  -26.100  -51.600  -13.46  -28.16   20611   20045   -4799  -11034   23379
  -26.100  -51.500  -13.54  -28.23   20599   20026   -4824  -11058   23380
  -26.100  -51.400  -13.62  -28.29   20587   20008   -4849  -11082   23381
  -26.100  -51.300  -13.70  -28.36   20576   19990   -4874  -11106   23382
  -26.100  -51.200  -13.78  -28.43   20564   19972   -4899  -11131   23383
  -26.100  -51.100  -13.86  -28.49   20552   19953   -4923  -11155   23384
  -26.100  -51.000  -13.94  -28.56   20540   19935   -4948  -11180   23385
  -26.100  -50.900  -14.02  -28.63   20528   19917   -4972  -11205   23387
  -26.100  -50.800  -14.10  -28.69   20516   19898   -4997  -11230   23388
  -26.100  -50.700  -14.17  -28.76   20504   19880   -5021  -11255   23390
  -26.100  -50.600  -14.25  -28.83   20492   19862   -5045  -11280   23392
  -26.100  -50.500  -14.33  -28.90   20480   19843   -5069  -11305   23393
  -26.100  -50.400  -14.41  -28.97   20468   19825   -5093  -11330   23395
  -26.100  -50.300  -14.48  -29.04   20457   19806   -5116  -11356   23397
  -26.100  -50.200  -14.56  -29.10   20445   19788   -5140  -11381   23399
  -26.100  -50.100  -14.64  -29.17   20433   19769   -5163  -11407   23401
  -26.100  -50.000  -14.71  -29.24   20421   19751   -5187  -11433   23403
  -26.000  -54.000  -11.52  -26.54   20920   20499   -4178  -10450   23385
  -26.000  -53.900  -11.60  -26.60   20908   20481   -4206  -10470   23383
  -26.000  -53.800  -11.69  -26.66   20896   20463   -4233  -10491   23382
  -26.000  -53.700  -11.77  -26.72   20885   20445   -4261  -10512   23381
  -26.000  -53.600  -11.86  -26.78   20873   20427   -4288  -10534   23380
  -26.000  -53.500  -11.94  -26.84   20861   20410   -4316  -10555   23379
  -26.000  -53.400  -12.02  -26.90   20849   20392   -4343  -10577   23379
  -26.000  -53.300  -12.11  -26.96   20837   20374   -4370  -10598   23378
  -26.000  -53.200  -12.19  -27.02   20826   20356   -4397  -10620   23377
  -26.000  -53.100  -12.27  -27.08   20814   20338   -4424  -10642   23377
  -26.000  -53.000  -12.36  -27.14   20802   20320   -4451  -10664   23376
  -26.000  -52.900  -12.44  -27.20   20790   20302   -4478  -10687   23376
  -26.000  -52.800  -12.52  -27.27   20778   20284   -4505  -10709   23376
  -26.000  -52.700  -12.60  -27.33   20766   20266   -4531  -10732   23375
  -26.000  -52.600  -12.68  -27.39   20755   20248   -4557  -10754   23375
  -26.000  -52.500  -12.77  -27.45   20743   20230   -4584  -10777   23375
  -26.000  -52.400  -12.85  -27.52   20731   20212   -4610  -10800   23376
  -26.000  -52.300  -12.93  -27.58   20719   20194   -4636  -10823   23376
  -26.000  -52.200  -13.01  -27.65   20707   20176   -4662  -10846   23376
  -26.000  -52.100  -13.09  -27.71   20696   20158   -4688  -10870   23376
  -26.000  -52.000  -13.17  -27.77   20684   20139   -4714  -10893   23377
  -26.000  -51.900  -13.25  -27.84   20672   20121   -4739  -10917   23377
  -26.000  -51.800  -13.33  -27.90   20660   20103   -4765  -10941   23378
  -26.000  -51.700  -13.41  -27.97   20648   20085   -4790  -10964   23379
  -26.000  -51.600  -13.49  -28.03   20636   20067   -4815  -10988   23380
  -26.000  -51.500  -13.57  -28.10   20625   20048   -4840  -11013   23380
  -26.000  -51.400  -13.65  -28.17   20613   20030   -4865  -11037   23381
  -26.000  -51.300  -13.73  -28.23   20601   20012   -4890  -11061   23383
  -26.000  -51.200  -13.81  -28.30   20589   19994   -4915  -11086   23384
  -26.000  -51.100  -13.89  -28.37   20577   19975   -4940  -11110   23385
  -26.000  -51.000  -13.97  -28.43   20565   19957   -4964  -11135   23386
  -26.000  -50.900  -14.05  -28.50   20553   19939   -4989  -11160   23388
  -26.000  -50.800  -14.12  -28.57   20541   19920   -5013  -11185   23389
  -26.000  -50.700  -14.20  -28.64   20530   19902   -5037  -11210   23391
  -26.000  -50.600  -14.28  -28.70   20518   19884   -5061  -11235   23392
  -26.000  -50.500  -14.36  -28.77   20506   19865   -5085  -11260   23394
  -26.000  -50.400  -14.44  -28.84   20494   19847   -5109  -11286   23396
  -26.000  -50.300  -14.51  -28.91   20482   19828   -5133  -11311   23398
  -26.000  -50.200  -14.59  -28.98   20470   19810   -5156  -11337   23400
  -26.000  -50.100  -14.67  -29.05   20458   19792   -5180  -11363   23402
  -26.000  -50.000  -14.74  -29.12   20446   19773   -5203  -11389   23404
  -25.900  -54.000  -11.55  -26.41   20945   20521   -4194  -10401   23386
  -25.900  -53.900  -11.64  -26.47   20933   20503   -4222  -10422   23384
  -25.900  -53.800  -11.72  -26.53   20921   20485   -4250  -10443   23383
  -25.900  -53.700  -11.80  -26.59   20910   20467   -4277  -10465   23382
  -25.900  -53.600  -11.89  -26.65   20898   20450   -4305  -10486   23381
  -25.900  -53.500  -11.97  -26.71   20886   20432   -4332  -10508   23380
  -25.900  -53.400  -12.05  -26.77   20874   20414   -4359  -10529   23379
  -25.900  -53.300  -12.14  -26.83   20862   20396   -4387  -10551   23379
  -25.900  -53.200  -12.22  -26.89   20851   20378   -4414  -10573   23378
  -25.900  -53.100  -12.30  -26.95   20839   20360   -4441  -10595   23378
  -25.900  -53.000  -12.39  -27.01   20827   20342   -4467  -10617   23377
  -25.900  -52.900  -12.47  -27.07   20815   20324   -4494  -10640   23377
  -25.900  -52.800  -12.55  -27.14   20803   20306   -4521  -10662   23377
  -25.900  -52.700  -12.63  -27.20   20792   20288   -4547  -10685   23376
  -25.900  -52.600  -12.72  -27.26   20780   20270   -4574  -10708   23376
  -25.900  -52.500  -12.80  -27.32   20768   20252   -4600  -10731   23376
  -25.900  -52.400  -12.88  -27.39   20756   20234   -4626  -10754   23376
  -25.900  -52.300  -12.96  -27.45   20744   20216   -4652  -10777   23377
  -25.900  -52.200  -13.04  -27.52   20733   20198   -4678  -10800   23377
  -25.900  -52.100  -13.12  -27.58   20721   20180   -4704  -10824   23377
  -25.900  -52.000  -13.20  -27.65   20709   20162   -4730  -10847   23378
  -25.900  -51.900  -13.28  -27.71   20697   20143   -4755  -10871   23378
  -25.900  -51.800  -13.36  -27.78   20685   20125   -4781  -10895   23379
  -25.900  -51.700  -13.44  -27.84   20673   20107   -4806  -10919   23380
  -25.900  -51.600  -13.52  -27.91   20662   20089   -4831  -10943   23380
  -25.900  -51.500  -13.60  -27.97   20650   20071   -4856  -10967   23381
  -25.900  -51.400  -13.68  -28.04   20638   20052   -4882  -10991   23382
  -25.900  -51.300  -13.76  -28.11   20626   20034   -4906  -11016   23383
  -25.900  -51.200  -13.84  -28.17   20614   20016   -4931  -11040   23385
  -25.900  -51.100  -13.92  -28.24   20602   19998   -4956  -11065   23386
  -25.900  -51.000  -14.00  -28.31   20591   19979   -4980  -11090   23387
  -25.900  -50.900  -14.08  -28.37   20579   19961   -5005  -11115   23389
  -25.900  -50.800  -14.15  -28.44   20567   19943   -5029  -11140   23390
  -25.900  -50.700  -14.23  -28.51   20555   19924   -5053  -11165   23392
  -25.900  -50.600  -14.31  -28.58   20543   19906   -5077  -11190   23393
  -25.900  -50.500  -14.39  -28.65   20531   19887   -5101  -11216   23395
  -25.900  -50.400  -14.46  -28.72   20519   19869   -5125  -11241   23397
  -25.900  -50.300  -14.54  -28.78   20507   19851   -5149  -11267   23399
  -25.900  -50.200  -14.62  -28.85   20496   19832   -5172  -11293   23401
  -25.900  -50.100  -14.69  -28.92   20484   19814   -5196  -11319   23403
  -25.900  -50.000  -14.77  -28.99   20472   19795   -5219  -11345   23405
  -25.800  -54.000  -11.58  -26.28   20970   20543   -4210  -10353   23387
  -25.800  -53.900  -11.67  -26.34   20958   20525   -4238  -10374   23385
  -25.800  -53.800  -11.75  -26.39   20946   20507   -4266  -10395   23384
  -25.800  -53.700  -11.83  -26.45   20935   20490   -4293  -10417   23383
  -25.800  -53.600  -11.92  -26.51   20923   20472   -4321  -10438   23382
  -25.800  -53.500  -12.00  -26.57   20911   20454   -4348  -10460   23381
  -25.800  -53.400  -12.09  -26.64   20899   20436   -4376  -10482   23380
  -25.800  -53.300  -12.17  -26.70   20887   20418   -4403  -10504   23380
  -25.800  -53.200  -12.25  -26.76   20876   20400   -4430  -10526   23379
  -25.800  -53.100  -12.33  -26.82   20864   20382   -4457  -10548   23379
  -25.800  -53.000  -12.42  -26.88   20852   20364   -4484  -10570   23378
  -25.800  -52.900  -12.50  -26.94   20840   20346   -4510  -10593   23378
  -25.800  -52.800  -12.58  -27.01   20829   20328   -4537  -10615   23378
  -25.800  -52.700  -12.66  -27.07   20817   20310   -4563  -10638   23377
  -25.800  -52.600  -12.75  -27.13   20805   20292   -4590  -10661   23377
  -25.800  -52.500  -12.83  -27.19   20793   20274   -4616  -10684   23377
  -25.800  -52.400  -12.91  -27.26   20781   20256   -4642  -10707   23378
  -25.800  -52.300  -12.99  -27.32   20770   20238   -4668  -10730   23378
  -25.800  -52.200  -13.07  -27.39   20758   20220   -4694  -10754   23378
  -25.800  -52.100  -13.15  -27.45   20746   20202   -4720  -10777   23378
  -25.800  -52.000  -13.23  -27.52   20734   20184   -4746  -10801   23379
  -25.800  -51.900  -13.31  -27.58   20723   20166   -4771  -10825   23379
  -25.800  -51.800  -13.39  -27.65   20711   20148   -4797  -10849   23380
  -25.800  -51.700  -13.47  -27.71   20699   20129   -4822  -10873   23381
  -25.800  -51.600  -13.55  -27.78   20687   20111   -4848  -10897   23382
  -25.800  -51.500  -13.63  -27.84   20675   20093   -4873  -10921   23382
  -25.800  -51.400  -13.71  -27.91   20663   20075   -4898  -10946   23383
  -25.800  -51.300  -13.79  -27.98   20652   20056   -4923  -10970   23385
  -25.800  -51.200  -13.87  -28.04   20640   20038   -4947  -10995   23386
  -25.800  -51.100  -13.95  -28.11   20628   20020   -4972  -11020   23387
  -25.800  -51.000  -14.03  -28.18   20616   20002   -4996  -11045   23388
  -25.800  -50.900  -14.10  -28.25   20604   19983   -5021  -11070   23390
  -25.800  -50.800  -14.18  -28.31   20592   19965   -5045  -11095   23391
  -25.800  -50.700  -14.26  -28.38   20581   19947   -5069  -11120   23393
  -25.800  -50.600  -14.34  -28.45   20569   19928   -5093  -11146   23394
  -25.800  -50.500  -14.41  -28.52   20557   19910   -5117  -11171   23396
  -25.800  -50.400  -14.49  -28.59   20545   19891   -5141  -11197   23398
  -25.800  -50.300  -14.57  -28.66   20533   19873   -5165  -11222   23400
  -25.800  -50.200  -14.64  -28.73   20521   19855   -5188  -11248   23402
  -25.800  -50.100  -14.72  -28.80   20509   19836   -5212  -11274   23404
  -25.800  -50.000  -14.80  -28.87   20497   19818   -5235  -11300   23406
  -25.700  -54.000  -11.61  -26.14   20995   20565   -4226  -10305   23388
  -25.700  -53.900  -11.70  -26.20   20983   20548   -4254  -10326   23386
  -25.700  -53.800  -11.78  -26.26   20972   20530   -4282  -10347   23385
  -25.700  -53.700  -11.87  -26.32   20960   20512   -4310  -10369   23384
  -25.700  -53.600  -11.95  -26.38   20948   20494   -4337  -10390   23383
  -25.700  -53.500  -12.03  -26.44   20936   20476   -4364  -10412   23382
  -25.700  -53.400  -12.12  -26.50   20924   20458   -4392  -10434   23382
  -25.700  -53.300  -12.20  -26.56   20913   20441   -4419  -10456   23381
  -25.700  -53.200  -12.28  -26.63   20901   20423   -4446  -10478   23380
  -25.700  -53.100  -12.36  -26.69   20889   20405   -4473  -10500   23380
  -25.700  -53.000  -12.45  -26.75   20877   20387   -4500  -10523   23379
  -25.700  -52.900  -12.53  -26.81   20866   20369   -4526  -10545   23379
  -25.700  -52.800  -12.61  -26.87   20854   20351   -4553  -10568   23379
  -25.700  -52.700  -12.69  -26.94   20842   20333   -4580  -10591   23379
  -25.700  -52.600  -12.77  -27.00   20830   20315   -4606  -10614   23379
  -25.700  -52.500  -12.86  -27.06   20819   20297   -4632  -10637   23379
  -25.700  -52.400  -12.94  -27.13   20807   20279   -4658  -10660   23379
  -25.700  -52.300  -13.02  -27.19   20795   20261   -4685  -10684   23379
  -25.700  -52.200  -13.10  -27.26   20783   20242   -4710  -10707   23379
  -25.700  -52.100  -13.18  -27.32   20772   20224   -4736  -10731   23380
  -25.700  -52.000  -13.26  -27.39   20760   20206   -4762  -10754   23380
  -25.700  -51.900  -13.34  -27.45   20748   20188   -4788  -10778   23381
  -25.700  -51.800  -13.42  -27.52   20736   20170   -4813  -10802   23381
  -25.700  -51.700  -13.50  -27.58   20724   20152   -4838  -10827   23382
  -25.700  -51.600  -13.58  -27.65   20713   20134   -4864  -10851   23383
  -25.700  -51.500  -13.66  -27.72   20701   20115   -4889  -10875   23384
  -25.700  -51.400  -13.74  -27.78   20689   20097   -4914  -10900   23385
  -25.700  -51.300  -13.82  -27.85   20677   20079   -4939  -10924   23386
  -25.700  -51.200  -13.90  -27.92   20665   20061   -4963  -10949   23387
  -25.700  -51.100  -13.98  -27.98   20654   20042   -4988  -10974   23388
  -25.700  -51.000  -14.05  -28.05   20642   20024   -5013  -10999   23389
  -25.700  -50.900  -14.13  -28.12   20630   20006   -5037  -11024   23391
  -25.700  -50.800  -14.21  -28.19   20618   19987   -5061  -11050   23392
  -25.700  -50.700  -14.29  -28.26   20606   19969   -5085  -11075   23394
  -25.700  -50.600  -14.37  -28.32   20594   19951   -5109  -11101   23396
  -25.700  -50.500  -14.44  -28.39   20583   19932   -5133  -11126   23397
  -25.700  -50.400  -14.52  -28.46   20571   19914   -5157  -11152   23399
  -25.700  -50.300  -14.60  -28.53   20559   19895   -5181  -11178   23401
  -25.700  -50.200  -14.67  -28.60   20547   19877   -5204  -11204   23403
  -25.700  -50.100  -14.75  -28.67   20535   19859   -5228  -11230   23405
  -25.700  -50.000  -14.82  -28.74   20523   19840   -5251  -11256   23407
  -25.600  -54.000  -11.64  -26.01   21020   20588   -4243  -10256   23389
  -25.600  -53.900  -11.73  -26.07   21009   20570   -4270  -10278   23388
  -25.600  -53.800  -11.81  -26.13   20997   20552   -4298  -10299   23387
  -25.600  -53.700  -11.90  -26.19   20985   20534   -4326  -10321   23386
  -25.600  -53.600  -11.98  -26.25   20973   20517   -4353  -10342   23385
  -25.600  -53.500  -12.06  -26.31   20962   20499   -4381  -10364   23384
  -25.600  -53.400  -12.15  -26.37   20950   20481   -4408  -10386   23383
  -25.600  -53.300  -12.23  -26.43   20938   20463   -4435  -10408   23382
  -25.600  -53.200  -12.31  -26.49   20926   20445   -4462  -10430   23382
  -25.600  -53.100  -12.39  -26.55   20915   20427   -4489  -10453   23381
  -25.600  -53.000  -12.48  -26.62   20903   20409   -4516  -10475   23381
  -25.600  -52.900  -12.56  -26.68   20891   20391   -4543  -10498   23380
  -25.600  -52.800  -12.64  -26.74   20879   20373   -4569  -10521   23380
  -25.600  -52.700  -12.72  -26.81   20868   20355   -4596  -10544   23380
  -25.600  -52.600  -12.80  -26.87   20856   20337   -4622  -10567   23380
  -25.600  -52.500  -12.89  -26.93   20844   20319   -4648  -10590   23380
  -25.600  -52.400  -12.97  -27.00   20832   20301   -4675  -10613   23380
  -25.600  -52.300  -13.05  -27.06   20821   20283   -4701  -10637   23380
  -25.600  -52.200  -13.13  -27.13   20809   20265   -4727  -10660   23381
  -25.600  -52.100  -13.21  -27.19   20797   20247   -4752  -10684   23381
  -25.600  -52.000  -13.29  -27.26   20785   20229   -4778  -10708   23381
  -25.600  -51.900  -13.37  -27.32   20774   20211   -4804  -10732   23382
  -25.600  -51.800  -13.45  -27.39   20762   20192   -4829  -10756   23383
  -25.600  -51.700  -13.53  -27.45   20750   20174   -4855  -10780   23383
  -25.600  -51.600  -13.61  -27.52   20738   20156   -4880  -10805   23384
  -25.600  -51.500  -13.69  -27.59   20727   20138   -4905  -10829   23385
  -25.600  -51.400  -13.77  -27.65   20715   20120   -4930  -10854   23386
  -25.600  -51.300  -13.85  -27.72   20703   20101   -4955  -10879   23387
  -25.600  -51.200  -13.93  -27.79   20691   20083   -4980  -10904   23388
  -25.600  -51.100  -14.00  -27.86   20679   20065   -5004  -10929   23390
  -25.600  -51.000  -14.08  -27.92   20668   20046   -5029  -10954   23391
  -25.600  -50.900  -14.16  -27.99   20656   20028   -5053  -10979   23392
  -25.600  -50.800  -14.24  -28.06   20644   20010   -5077  -11004   23394
  -25.600  -50.700  -14.32  -28.13   20632   19992   -5102  -11030   23395
  -25.600  -50.600  -14.39  -28.20   20620   19973   -5126  -11055   23397
  -25.600  -50.500  -14.47  -28.27   20608   19955   -5149  -11081   23399
  -25.600  -50.400  -14.55  -28.34   20597   19936   -5173  -11107   23401
  -25.600  -50.300  -14.62  -28.41   20585   19918   -5197  -11133   23402
  -25.600  -50.200  -14.70  -28.48   20573   19900   -5220  -11159   23404
  -25.600  -50.100  -14.78  -28.55   20561   19881   -5244  -11185   23407
  -25.600  -50.000  -14.85  -28.62   20549   19863   -5267  -11211   23409
  -25.500  -54.000  -11.67  -25.87   21046   20610   -4259  -10208   23391
  -25.500  -53.900  -11.76  -25.93   21034   20593   -4286  -10229   23389
  -25.500  -53.800  -11.84  -25.99   21022   20575   -4314  -10251   23388
  -25.500  -53.700  -11.93  -26.05   21010   20557   -4342  -10272   23387
  -25.500  -53.600  -12.01  -26.11   20999   20539   -4369  -10294   23386
  -25.500  -53.500  -12.09  -26.18   20987   20521   -4397  -10316   23385
  -25.500  -53.400  -12.18  -26.24   20975   20503   -4424  -10338   23384
  -25.500  -53.300  -12.26  -26.30   20964   20486   -4451  -10360   23384
  -25.500  -53.200  -12.34  -26.36   20952   20468   -4478  -10382   23383
  -25.500  -53.100  -12.42  -26.42   20940   20450   -4505  -10405   23383
  -25.500  -53.000  -12.51  -26.48   20928   20432   -4532  -10428   23382
  -25.500  -52.900  -12.59  -26.55   20917   20414   -4559  -10450   23382
  -25.500  -52.800  -12.67  -26.61   20905   20396   -4585  -10473   23382
  -25.500  -52.700  -12.75  -26.67   20893   20378   -4612  -10496   23382
  -25.500  -52.600  -12.83  -26.74   20881   20360   -4638  -10519   23381
  -25.500  -52.500  -12.92  -26.80   20870   20342   -4665  -10543   23382
  -25.500  -52.400  -13.00  -26.87   20858   20324   -4691  -10566   23382
  -25.500  -52.300  -13.08  -26.93   20846   20306   -4717  -10590   23382
  -25.500  -52.200  -13.16  -26.99   20835   20288   -4743  -10613   23382
  -25.500  -52.100  -13.24  -27.06   20823   20269   -4769  -10637   23383
  -25.500  -52.000  -13.32  -27.13   20811   20251   -4794  -10661   23383
  -25.500  -51.900  -13.40  -27.19   20799   20233   -4820  -10685   23384
  -25.500  -51.800  -13.48  -27.26   20788   20215   -4845  -10710   23384
  -25.500  -51.700  -13.56  -27.32   20776   20197   -4871  -10734   23385
  -25.500  -51.600  -13.64  -27.39   20764   20179   -4896  -10758   23386
  -25.500  -51.500  -13.72  -27.46   20752   20160   -4921  -10783   23387
  -25.500  -51.400  -13.80  -27.52   20741   20142   -4946  -10808   23388
  -25.500  -51.300  -13.87  -27.59   20729   20124   -4971  -10833   23389
  -25.500  -51.200  -13.95  -27.66   20717   20106   -4996  -10858   23390
  -25.500  -51.100  -14.03  -27.73   20705   20087   -5020  -10883   23391
  -25.500  -51.000  -14.11  -27.79   20693   20069   -5045  -10908   23392
  -25.500  -50.900  -14.19  -27.86   20682   20051   -5069  -10933   23394
  -25.500  -50.800  -14.27  -27.93   20670   20033   -5093  -10959   23395
  -25.500  -50.700  -14.34  -28.00   20658   20014   -5118  -10984   23397
  -25.500  -50.600  -14.42  -28.07   20646   19996   -5142  -11010   23399
  -25.500  -50.500  -14.50  -28.14   20634   19977   -5166  -11036   23400
  -25.500  -50.400  -14.57  -28.21   20623   19959   -5189  -11062   23402
  -25.500  -50.300  -14.65  -28.28   20611   19941   -5213  -11088   23404
  -25.500  -50.200  -14.73  -28.35   20599   19922   -5237  -11114   23406
  -25.500  -50.100  -14.80  -28.42   20587   19904   -5260  -11140   23408
  -25.500  -50.000  -14.88  -28.49   20575   19885   -5283  -11167   23410
  -25.400  -54.000  -11.70  -25.74   21071   20633   -4275  -10159   23392
  -25.400  -53.900  -11.79  -25.80   21059   20615   -4303  -10180   23391
  -25.400  -53.800  -11.87  -25.86   21048   20597   -4330  -10202   23390
  -25.400  -53.700  -11.96  -25.92   21036   20580   -4358  -10224   23389
  -25.400  -53.600  -12.04  -25.98   21024   20562   -4385  -10245   23388
  -25.400  -53.500  -12.12  -26.04   21013   20544   -4413  -10267   23387
  -25.400  -53.400  -12.21  -26.10   21001   20526   -4440  -10290   23386
  -25.400  -53.300  -12.29  -26.16   20989   20508   -4467  -10312   23385
  -25.400  -53.200  -12.37  -26.23   20977   20490   -4494  -10334   23385
  -25.400  -53.100  -12.45  -26.29   20966   20472   -4521  -10357   23384
  -25.400  -53.000  -12.54  -26.35   20954   20455   -4548  -10380   23384
  -25.400  -52.900  -12.62  -26.41   20942   20437   -4575  -10403   23384
  -25.400  -52.800  -12.70  -26.48   20931   20419   -4601  -10426   23383
  -25.400  -52.700  -12.78  -26.54   20919   20401   -4628  -10449   23383
  -25.400  -52.600  -12.86  -26.61   20907   20383   -4654  -10472   23383
  -25.400  -52.500  -12.94  -26.67   20896   20365   -4681  -10495   23383
  -25.400  -52.400  -13.03  -26.73   20884   20346   -4707  -10519   23383
  -25.400  -52.300  -13.11  -26.80   20872   20328   -4733  -10543   23384
  -25.400  -52.200  -13.19  -26.86   20860   20310   -4759  -10566   23384
  -25.400  -52.100  -13.27  -26.93   20849   20292   -4785  -10590   23384
  -25.400  -52.000  -13.35  -26.99   20837   20274   -4810  -10614   23385
  -25.400  -51.900  -13.43  -27.06   20825   20256   -4836  -10639   23385
  -25.400  -51.800  -13.51  -27.13   20813   20238   -4861  -10663   23386
  -25.400  -51.700  -13.59  -27.19   20802   20220   -4887  -10687   23387
  -25.400  -51.600  -13.67  -27.26   20790   20201   -4912  -10712   23387
  -25.400  -51.500  -13.75  -27.33   20778   20183   -4937  -10737   23388
  -25.400  -51.400  -13.82  -27.39   20767   20165   -4962  -10762   23389
  -25.400  -51.300  -13.90  -27.46   20755   20147   -4987  -10787   23390
  -25.400  -51.200  -13.98  -27.53   20743   20128   -5012  -10812   23392
  -25.400  -51.100  -14.06  -27.60   20731   20110   -5036  -10837   23393
  -25.400  -51.000  -14.14  -27.67   20719   20092   -5061  -10862   23394
  -25.400  -50.900  -14.22  -27.73   20708   20074   -5085  -10888   23396
  -25.400  -50.800  -14.29  -27.80   20696   20055   -5110  -10913   23397
  -25.400  -50.700  -14.37  -27.87   20684   20037   -5134  -10939   23399
  -25.400  -50.600  -14.45  -27.94   20672   20019   -5158  -10965   23400
  -25.400  -50.500  -14.52  -28.01   20661   20000   -5182  -10991   23402
  -25.400  -50.400  -14.60  -28.08   20649   19982   -5205  -11017   23404
  -25.400  -50.300  -14.68  -28.15   20637   19963   -5229  -11043   23406
  -25.400  -50.200  -14.75  -28.22   20625   19945   -5253  -11069   23408
  -25.400  -50.100  -14.83  -28.29   20613   19927   -5276  -11095   23410
  -25.400  -50.000  -14.91  -28.36   20601   19908   -5299  -11122   23412
  -25.300  -54.000  -11.74  -25.60   21097   20656   -4291  -10110   23394
  -25.300  -53.900  -11.82  -25.66   21085   20638   -4319  -10131   23393
  -25.300  -53.800  -11.90  -25.72   21073   20620   -4346  -10153   23392
  -25.300  -53.700  -11.99  -25.79   21062   20602   -4374  -10175   23391
  -25.300  -53.600  -12.07  -25.85   21050   20585   -4401  -10197   23390
  -25.300  -53.500  -12.15  -25.91   21038   20567   -4429  -10219   23389
  -25.300  -53.400  -12.24  -25.97   21027   20549   -4456  -10241   23388
  -25.300  -53.300  -12.32  -26.03   21015   20531   -4483  -10264   23387
  -25.300  -53.200  -12.40  -26.09   21003   20513   -4510  -10286   23387
  -25.300  -53.100  -12.48  -26.16   20991   20495   -4537  -10309   23386
  -25.300  -53.000  -12.57  -26.22   20980   20477   -4564  -10332   23386
  -25.300  -52.900  -12.65  -26.28   20968   20459   -4591  -10355   23385
  -25.300  -52.800  -12.73  -26.34   20956   20441   -4618  -10378   23385
  -25.300  -52.700  -12.81  -26.41   20945   20423   -4644  -10401   23385
  -25.300  -52.600  -12.89  -26.47   20933   20405   -4670  -10424   23385
  -25.300  -52.500  -12.97  -26.54   20921   20387   -4697  -10448   23385
  -25.300  -52.400  -13.05  -26.60   20910   20369   -4723  -10471   23385
  -25.300  -52.300  -13.13  -26.67   20898   20351   -4749  -10495   23385
  -25.300  -52.200  -13.22  -26.73   20886   20333   -4775  -10519   23386
  -25.300  -52.100  -13.30  -26.80   20875   20315   -4801  -10543   23386
  -25.300  -52.000  -13.38  -26.86   20863   20297   -4826  -10567   23387
  -25.300  -51.900  -13.46  -26.93   20851   20279   -4852  -10592   23387
  -25.300  -51.800  -13.54  -27.00   20839   20261   -4877  -10616   23388
  -25.300  -51.700  -13.62  -27.06   20828   20242   -4903  -10641   23388
  -25.300  -51.600  -13.69  -27.13   20816   20224   -4928  -10665   23389
  -25.300  -51.500  -13.77  -27.20   20804   20206   -4953  -10690   23390
  -25.300  -51.400  -13.85  -27.26   20793   20188   -4978  -10715   23391
  -25.300  -51.300  -13.93  -27.33   20781   20170   -5003  -10740   23392
  -25.300  -51.200  -14.01  -27.40   20769   20151   -5028  -10765   23393
  -25.300  -51.100  -14.09  -27.47   20757   20133   -5052  -10791   23395
  -25.300  -51.000  -14.17  -27.54   20746   20115   -5077  -10816   23396
  -25.300  -50.900  -14.24  -27.60   20734   20097   -5101  -10842   23397
  -25.300  -50.800  -14.32  -27.67   20722   20078   -5126  -10867   23399
  -25.300  -50.700  -14.40  -27.74   20710   20060   -5150  -10893   23400
  -25.300  -50.600  -14.47  -27.81   20699   20042   -5174  -10919   23402
  -25.300  -50.500  -14.55  -27.88   20687   20023   -5198  -10945   23404
  -25.300  -50.400  -14.63  -27.95   20675   20005   -5221  -10971   23406
  -25.300  -50.300  -14.70  -28.02   20663   19986   -5245  -10997   23408
  -25.300  -50.200  -14.78  -28.09   20651   19968   -5269  -11024   23409
  -25.300  -50.100  -14.86  -28.16   20640   19950   -5292  -11050   23412
  -25.300  -50.000  -14.93  -28.24   20628   19931   -5315  -11077   23414
  -25.200  -54.000  -11.77  -25.47   21122   20679   -4307  -10061   23396
  -25.200  -53.900  -11.85  -25.53   21111   20661   -4335  -10082   23395
  -25.200  -53.800  -11.93  -25.59   21099   20643   -4362  -10104   23394
  -25.200  -53.700  -12.02  -25.65   21087   20625   -4390  -10126   23393
  -25.200  -53.600  -12.10  -25.71   21076   20608   -4418  -10148   23392
  -25.200  -53.500  -12.18  -25.77   21064   20590   -4445  -10170   23391
  -25.200  -53.400  -12.27  -25.83   21052   20572   -4472  -10193   23390
  -25.200  -53.300  -12.35  -25.90   21041   20554   -4499  -10215   23389
  -25.200  -53.200  -12.43  -25.96   21029   20536   -4526  -10238   23389
  -25.200  -53.100  -12.51  -26.02   21017   20518   -4553  -10261   23388
  -25.200  -53.000  -12.59  -26.08   21006   20500   -4580  -10284   23388
  -25.200  -52.900  -12.68  -26.15   20994   20482   -4607  -10307   23387
  -25.200  -52.800  -12.76  -26.21   20982   20464   -4634  -10330   23387
  -25.200  -52.700  -12.84  -26.28   20971   20446   -4660  -10353   23387
  -25.200  -52.600  -12.92  -26.34   20959   20428   -4687  -10377   23387
  -25.200  -52.500  -13.00  -26.40   20947   20410   -4713  -10400   23387
  -25.200  -52.400  -13.08  -26.47   20936   20392   -4739  -10424   23387
  -25.200  -52.300  -13.16  -26.53   20924   20374   -4765  -10448   23387
  -25.200  -52.200  -13.24  -26.60   20912   20356   -4791  -10472   23388
  -25.200  -52.100  -13.32  -26.67   20901   20338   -4817  -10496   23388
  -25.200  -52.000  -13.40  -26.73   20889   20320   -4842  -10520   23389
  -25.200  -51.900  -13.48  -26.80   20877   20302   -4868  -10545   23389
  -25.200  -51.800  -13.56  -26.86   20866   20284   -4894  -10569   23390
  -25.200  -51.700  -13.64  -26.93   20854   20265   -4919  -10594   23390
  -25.200  -51.600  -13.72  -27.00   20842   20247   -4944  -10619   23391
  -25.200  -51.500  -13.80  -27.07   20830   20229   -4969  -10644   23392
  -25.200  -51.400  -13.88  -27.13   20819   20211   -4994  -10669   23393
  -25.200  -51.300  -13.96  -27.20   20807   20193   -5019  -10694   23394
  -25.200  -51.200  -14.04  -27.27   20795   20174   -5044  -10719   23395
  -25.200  -51.100  -14.11  -27.34   20784   20156   -5068  -10744   23397
  -25.200  -51.000  -14.19  -27.41   20772   20138   -5093  -10770   23398
  -25.200  -50.900  -14.27  -27.48   20760   20120   -5117  -10796   23399
  -25.200  -50.800  -14.35  -27.54   20748   20101   -5142  -10821   23401
  -25.200  -50.700  -14.42  -27.61   20737   20083   -5166  -10847   23402
  -25.200  -50.600  -14.50  -27.68   20725   20065   -5190  -10873   23404
  -25.200  -50.500  -14.58  -27.75   20713   20046   -5214  -10899   23406
  -25.200  -50.400  -14.66  -27.82   20701   20028   -5237  -10926   23408
  -25.200  -50.300  -14.73  -27.89   20690   20009   -5261  -10952   23409
  -25.200  -50.200  -14.81  -27.97   20678   19991   -5285  -10978   23411
  -25.200  -50.100  -14.88  -28.04   20666   19973   -5308  -11005   23414
  -25.200  -50.000  -14.96  -28.11   20654   19954   -5331  -11032   23416
  -25.100  -54.000  -11.80  -25.33   21148   20702   -4323  -10011   23398
  -25.100  -53.900  -11.88  -25.39   21137   20684   -4351  -10033   23397
  -25.100  -53.800  -11.96  -25.45   21125   20666   -4379  -10055   23396
  -25.100  -53.700  -12.05  -25.51   21113   20648   -4406  -10077   23395
  -25.100  -53.600  -12.13  -25.58   21102   20631   -4434  -10099   23394
  -25.100  -53.500  -12.21  -25.64   21090   20613   -4461  -10122   23393
  -25.100  -53.400  -12.29  -25.70   21078   20595   -4488  -10144   23392
  -25.100  -53.300  -12.38  -25.76   21067   20577   -4515  -10167   23391
  -25.100  -53.200  -12.46  -25.82   21055   20559   -4543  -10189   23391
  -25.100  -53.100  -12.54  -25.89   21043   20541   -4569  -10212   23390
  -25.100  -53.000  -12.62  -25.95   21032   20523   -4596  -10235   23390
  -25.100  -52.900  -12.71  -26.01   21020   20505   -4623  -10258   23390
  -25.100  -52.800  -12.79  -26.08   21008   20487   -4650  -10282   23389
  -25.100  -52.700  -12.87  -26.14   20997   20469   -4676  -10305   23389
  -25.100  -52.600  -12.95  -26.21   20985   20451   -4703  -10329   23389
  -25.100  -52.500  -13.03  -26.27   20973   20433   -4729  -10352   23389
  -25.100  -52.400  -13.11  -26.34   20962   20415   -4755  -10376   23389
  -25.100  -52.300  -13.19  -26.40   20950   20397   -4781  -10400   23390
  -25.100  -52.200  -13.27  -26.47   20938   20379   -4807  -10424   23390
  -25.100  -52.100  -13.35  -26.53   20927   20361   -4833  -10449   23390
  -25.100  -52.000  -13.43  -26.60   20915   20343   -4859  -10473   23391
  -25.100  -51.900  -13.51  -26.67   20903   20325   -4884  -10497   23391
  -25.100  -51.800  -13.59  -26.73   20892   20307   -4910  -10522   23392
  -25.100  -51.700  -13.67  -26.80   20880   20289   -4935  -10547   23393
  -25.100  -51.600  -13.75  -26.87   20868   20270   -4960  -10572   23393
  -25.100  -51.500  -13.83  -26.93   20857   20252   -4985  -10597   23394
  -25.100  -51.400  -13.91  -27.00   20845   20234   -5010  -10622   23395
  -25.100  -51.300  -13.99  -27.07   20833   20216   -5035  -10647   23396
  -25.100  -51.200  -14.06  -27.14   20822   20197   -5060  -10673   23397
  -25.100  -51.100  -14.14  -27.21   20810   20179   -5084  -10698   23399
  -25.100  -51.000  -14.22  -27.28   20798   20161   -5109  -10724   23400
  -25.100  -50.900  -14.30  -27.35   20786   20143   -5133  -10749   23401
  -25.100  -50.800  -14.37  -27.41   20775   20124   -5158  -10775   23403
  -25.100  -50.700  -14.45  -27.48   20763   20106   -5182  -10801   23404
  -25.100  -50.600  -14.53  -27.55   20751   20088   -5206  -10827   23406
  -25.100  -50.500  -14.61  -27.62   20740   20069   -5230  -10854   23408
  -25.100  -50.400  -14.68  -27.69   20728   20051   -5253  -10880   23410
  -25.100  -50.300  -14.76  -27.77   20716   20033   -5277  -10906   23412
  -25.100  -50.200  -14.83  -27.84   20704   20014   -5301  -10933   23414
  -25.100  -50.100  -14.91  -27.91   20692   19996   -5324  -10960   23416
  -25.100  -50.000  -14.98  -27.98   20681   19977   -5347  -10986   23418
  -25.000  -54.000  -11.82  -25.20   21174   20725   -4339   -9962   23400
  -25.000  -53.900  -11.91  -25.26   21162   20707   -4367   -9984   23399
  -25.000  -53.800  -11.99  -25.32   21151   20689   -4395  -10006   23398
  -25.000  -53.700  -12.08  -25.38   21139   20671   -4422  -10028   23397
  -25.000  -53.600  -12.16  -25.44   21128   20654   -4450  -10050   23396
  -25.000  -53.500  -12.24  -25.50   21116   20636   -4477  -10073   23395
  -25.000  -53.400  -12.32  -25.56   21104   20618   -4504  -10095   23394
  -25.000  -53.300  -12.41  -25.63   21093   20600   -4532  -10118   23394
  -25.000  -53.200  -12.49  -25.69   21081   20582   -4559  -10141   23393
  -25.000  -53.100  -12.57  -25.75   21069   20564   -4586  -10164   23393
  -25.000  -53.000  -12.65  -25.82   21058   20546   -4612  -10187   23392
  -25.000  -52.900  -12.73  -25.88   21046   20528   -4639  -10210   23392
  -25.000  -52.800  -12.82  -25.94   21034   20511   -4666  -10233   23392
  -25.000  -52.700  -12.90  -26.01   21023   20493   -4692  -10257   23392
  -25.000  -52.600  -12.98  -26.07   21011   20475   -4719  -10281   23391
  -25.000  -52.500  -13.06  -26.14   21000   20457   -4745  -10304   23392
  -25.000  -52.400  -13.14  -26.20   20988   20438   -4771  -10328   23392
  -25.000  -52.300  -13.22  -26.27   20976   20420   -4797  -10352   23392
  -25.000  -52.200  -13.30  -26.33   20965   20402   -4823  -10377   23392
  -25.000  -52.100  -13.38  -26.40   20953   20384   -4849  -10401   23393
  -25.000  -52.000  -13.46  -26.47   20941   20366   -4875  -10425   23393
  -25.000  -51.900  -13.54  -26.53   20930   20348   -4900  -10450   23394
  -25.000  -51.800  -13.62  -26.60   20918   20330   -4926  -10475   23394
  -25.000  -51.700  -13.70  -26.67   20906   20312   -4951  -10500   23395
  -25.000  -51.600  -13.78  -26.73   20895   20294   -4976  -10525   23396
  -25.000  -51.500  -13.86  -26.80   20883   20275   -5001  -10550   23397
  -25.000  -51.400  -13.93  -26.87   20871   20257   -5026  -10575   23398
  -25.000  -51.300  -14.01  -26.94   20860   20239   -5051  -10600   23399
  -25.000  -51.200  -14.09  -27.01   20848   20221   -5076  -10626   23400
  -25.000  -51.100  -14.17  -27.08   20836   20202   -5100  -10651   23401
  -25.000  -51.000  -14.25  -27.15   20825   20184   -5125  -10677   23402
  -25.000  -50.900  -14.32  -27.21   20813   20166   -5149  -10703   23404
  -25.000  -50.800  -14.40  -27.28   20801   20148   -5174  -10729   23405
  -25.000  -50.700  -14.48  -27.35   20790   20129   -5198  -10755   23407
  -25.000  -50.600  -14.56  -27.42   20778   20111   -5222  -10781   23408
  -25.000  -50.500  -14.63  -27.49   20766   20093   -5246  -10808   23410
  -25.000  -50.400  -14.71  -27.57   20754   20074   -5269  -10834   23412
  -25.000  -50.300  -14.78  -27.64   20743   20056   -5293  -10861   23414
  -25.000  -50.200  -14.86  -27.71   20731   20037   -5317  -10887   23416
  -25.000  -50.100  -14.94  -27.78   20719   20019   -5340  -10914   23418
  -25.000  -50.000  -15.01  -27.85   20707   20001   -5363  -10941   23420
