 Date = 2010.000     Altitude =  6371.000 km      geocentric

      Lat     Long       D       I       H       X       Y       Z       F
  -28.000  -58.000  -11.23  -31.90   19209   18841   -3740  -11957   22626
  -28.000  -57.900  -11.31  -31.96   19195   18822   -3765  -11976   22625
  -28.000  -57.800  -11.40  -32.02   19181   18803   -3790  -11995   22623
  -28.000  -57.700  -11.48  -32.08   19167   18784   -3815  -12015   22622
  -28.000  -57.600  -11.56  -32.14   19153   18765   -3840  -12034   22620
  -28.000  -57.500  -11.65  -32.20   19140   18745   -3864  -12054   22619
  -28.000  -57.400  -11.73  -32.26   19126   18726   -3889  -12074   22618
  -28.000  -57.300  -11.82  -32.33   19112   18707   -3913  -12094   22617
  -28.000  -57.200  -11.90  -32.39   19098   18688   -3938  -12114   22616
  -28.000  -57.100  -11.98  -32.45   19084   18669   -3962  -12134   22615
  -28.000  -57.000  -12.06  -32.51   19070   18649   -3986  -12155   22615
  -28.000  -56.900  -12.15  -32.57   19057   18630   -4010  -12175   22614
  -28.000  -56.800  -12.23  -32.64   19043   18611   -4034  -12196   22614
  -28.000  -56.700  -12.31  -32.70   19029   18591   -4057  -12217   22613
  -28.000  -56.600  -12.39  -32.76   19015   18572   -4081  -12238   22613
  -28.000  -56.500  -12.47  -32.83   19001   18553   -4104  -12259   22612
  -28.000  -56.400  -12.56  -32.89   18988   18533   -4128  -12280   22612
  -28.000  -56.300  -12.64  -32.96   18974   18514   -4151  -12301   22612
  -28.000  -56.200  -12.72  -33.02   18960   18495   -4174  -12322   22612
  -28.000  -56.100  -12.80  -33.09   18946   18475   -4197  -12344   22612
  -28.000  -56.000  -12.88  -33.15   18932   18456   -4220  -12365   22613
  -28.000  -55.900  -12.96  -33.22   18918   18436   -4243  -12387   22613
  -28.000  -55.800  -13.04  -33.28   18905   18417   -4266  -12409   22613
  -28.000  -55.700  -13.12  -33.35   18891   18398   -4288  -12431   22614
  -28.000  -55.600  -13.20  -33.41   18877   18378   -4311  -12453   22614
  -28.000  -55.500  -13.28  -33.48   18863   18359   -4333  -12475   22615
  -28.000  -55.400  -13.36  -33.54   18849   18339   -4355  -12497   22616
  -28.000  -55.300  -13.44  -33.61   18835   18320   -4377  -12519   22616
  -28.000  -55.200  -13.52  -33.68   18821   18300   -4399  -12542   22617
  -28.000  -55.100  -13.59  -33.74   18808   18281   -4421  -12564   22618
  -28.000  -55.000  -13.67  -33.81   18794   18261   -4442  -12587   22619
  -28.000  -54.900  -13.75  -33.88   18780   18242   -4464  -12610   22620
  -28.000  -54.800  -13.83  -33.95   18766   18222   -4485  -12632   22622
  -28.000  -54.700  -13.91  -34.01   18752   18203   -4507  -12655   22623
  -28.000  -54.600  -13.98  -34.08   18738   18183   -4528  -12678   22624
  -28.000  -54.500  -14.06  -34.15   18724   18163   -4549  -12701   22626
  -28.000  -54.400  -14.14  -34.22   18710   18144   -4570  -12725   22627
  -28.000  -54.300  -14.21  -34.29   18697   18124   -4591  -12748   22629
  -28.000  -54.200  -14.29  -34.36   18683   18105   -4611  -12771   22631
  -28.000  -54.100  -14.37  -34.43   18669   18085   -4632  -12795   22633
  -28.000  -54.000  -14.44  -34.49   18655   18065   -4652  -12818   22634
  -27.900  -58.000  -11.27  -31.78   19231   18860   -3758  -11916   22623
  -27.900  -57.900  -11.35  -31.84   19217   18841   -3783  -11935   22622
  -27.900  -57.800  -11.44  -31.90   19203   18822   -3808  -11955   22620
  -27.900  -57.700  -11.52  -31.97   19189   18803   -3833  -11975   22619
  -27.900  -57.600  -11.61  -32.03   19175   18783   -3858  -11994   22618
  -27.900  -57.500  -11.69  -32.09   19162   18764   -3882  -12014   22617
  -27.900  -57.400  -11.77  -32.15   19148   18745   -3907  -12034   22615
  -27.900  -57.300  -11.86  -32.21   19134   18726   -3931  -12054   22614
  -27.900  -57.200  -11.94  -32.27   19120   18706   -3956  -12075   22614
  -27.900  -57.100  -12.02  -32.34   19106   18687   -3980  -12095   22613
  -27.900  -57.000  -12.11  -32.40   19092   18668   -4004  -12115   22612
  -27.900  -56.900  -12.19  -32.46   19079   18649   -4028  -12136   22611
  -27.900  -56.800  -12.27  -32.52   19065   18629   -4052  -12157   22611
  -27.900  -56.700  -12.35  -32.59   19051   18610   -4076  -12178   22611
  -27.900  -56.600  -12.43  -32.65   19037   18591   -4099  -12199   22610
  -27.900  -56.500  -12.52  -32.71   19023   18571   -4123  -12220   22610
  -27.900  -56.400  -12.60  -32.78   19010   18552   -4146  -12241   22610
  -27.900  -56.300  -12.68  -32.84   18996   18533   -4169  -12262   22610
  -27.900  -56.200  -12.76  -32.91   18982   18513   -4192  -12284   22610
  -27.900  -56.100  -12.84  -32.97   18968   18494   -4215  -12305   22610
  -27.900  -56.000  -12.92  -33.04   18954   18474   -4238  -12327   22610
  -27.900  -55.900  -13.00  -33.10   18940   18455   -4261  -12349   22610
  -27.900  -55.800  -13.08  -33.17   18927   18436   -4284  -12371   22611
  -27.900  -55.700  -13.16  -33.23   18913   18416   -4306  -12393   22611
  -27.900  -55.600  -13.24  -33.30   18899   18397   -4329  -12415   22612
  -27.900  -55.500  -13.32  -33.37   18885   18377   -4351  -12437   22613
  -27.900  -55.400  -13.40  -33.43   18871   18358   -4373  -12459   22613
  -27.900  -55.300  -13.48  -33.50   18858   18338   -4395  -12482   22614
  -27.900  -55.200  -13.56  -33.57   18844   18319   -4417  -12504   22615
  -27.900  -55.100  -13.63  -33.63   18830   18299   -4439  -12527   22616
  -27.900  -55.000  -13.71  -33.70   18816   18280   -4460  -12550   22617
  -27.900  -54.900  -13.79  -33.77   18802   18260   -4482  -12572   22618
  -27.900  -54.800  -13.87  -33.84   18788   18241   -4503  -12595   22620
  -27.900  -54.700  -13.95  -33.91   18774   18221   -4525  -12618   22621
  -27.900  -54.600  -14.02  -33.97   18761   18201   -4546  -12641   22622
  -27.900  -54.500  -14.10  -34.04   18747   18182   -4567  -12665   22624
  -27.900  -54.400  -14.18  -34.11   18733   18162   -4588  -12688   22625
  -27.900  -54.300  -14.25  -34.18   18719   18143   -4609  -12711   22627
  -27.900  -54.200  -14.33  -34.25   18705   18123   -4629  -12735   22629
  -27.900  -54.100  -14.40  -34.32   18691   18104   -4650  -12759   22631
  -27.900  -54.000  -14.48  -34.39   18677   18084   -4670  -12782   22632
  -27.800  -58.000  -11.31  -31.67   19253   18879   -3776  -11875   22621
  -27.800  -57.900  -11.40  -31.73   19239   18860   -3801  -11895   22619
  -27.800  -57.800  -11.48  -31.79   19225   18840   -3826  -11915   22618
  -27.800  -57.700  -11.56  -31.85   19211   18821   -3851  -11934   22616
  -27.800  -57.600  -11.65  -31.91   19197   18802   -3876  -11954   22615
  -27.800  -57.500  -11.73  -31.97   19184   18783   -3901  -11974   22614
  -27.800  -57.400  -11.82  -32.03   19170   18764   -3925  -11994   22613
  -27.800  -57.300  -11.90  -32.10   19156   18744   -3950  -12014   22612
  -27.800  -57.200  -11.98  -32.16   19142   18725   -3974  -12035   22611
  -27.800  -57.100  -12.06  -32.22   19128   18706   -3998  -12055   22610
  -27.800  -57.000  -12.15  -32.28   19115   18687   -4022  -12076   22610
  -27.800  -56.900  -12.23  -32.35   19101   18667   -4046  -12097   22609
  -27.800  -56.800  -12.31  -32.41   19087   18648   -4070  -12118   22609
  -27.800  -56.700  -12.39  -32.47   19073   18629   -4094  -12139   22608
  -27.800  -56.600  -12.48  -32.54   19059   18609   -4117  -12160   22608
  -27.800  -56.500  -12.56  -32.60   19046   18590   -4141  -12181   22608
  -27.800  -56.400  -12.64  -32.67   19032   18571   -4164  -12202   22608
  -27.800  -56.300  -12.72  -32.73   19018   18551   -4187  -12224   22608
  -27.800  -56.200  -12.80  -32.80   19004   18532   -4210  -12245   22608
  -27.800  -56.100  -12.88  -32.86   18990   18513   -4233  -12267   22608
  -27.800  -56.000  -12.96  -32.93   18977   18493   -4256  -12289   22608
  -27.800  -55.900  -13.04  -32.99   18963   18474   -4279  -12310   22608
  -27.800  -55.800  -13.12  -33.06   18949   18454   -4302  -12332   22609
  -27.800  -55.700  -13.20  -33.12   18935   18435   -4324  -12355   22609
  -27.800  -55.600  -13.28  -33.19   18921   18415   -4347  -12377   22610
  -27.800  -55.500  -13.36  -33.26   18908   18396   -4369  -12399   22610
  -27.800  -55.400  -13.44  -33.32   18894   18376   -4391  -12422   22611
  -27.800  -55.300  -13.52  -33.39   18880   18357   -4413  -12444   22612
  -27.800  -55.200  -13.60  -33.46   18866   18337   -4435  -12467   22613
  -27.800  -55.100  -13.67  -33.52   18852   18318   -4457  -12489   22614
  -27.800  -55.000  -13.75  -33.59   18838   18298   -4478  -12512   22615
  -27.800  -54.900  -13.83  -33.66   18825   18279   -4500  -12535   22616
  -27.800  -54.800  -13.91  -33.73   18811   18259   -4521  -12558   22618
  -27.800  -54.700  -13.98  -33.80   18797   18240   -4543  -12581   22619
  -27.800  -54.600  -14.06  -33.86   18783   18220   -4564  -12605   22620
  -27.800  -54.500  -14.14  -33.93   18769   18201   -4585  -12628   22622
  -27.800  -54.400  -14.22  -34.00   18755   18181   -4606  -12651   22623
  -27.800  -54.300  -14.29  -34.07   18741   18161   -4626  -12675   22625
  -27.800  -54.200  -14.37  -34.14   18728   18142   -4647  -12699   22627
  -27.800  -54.100  -14.44  -34.21   18714   18122   -4668  -12722   22629
  -27.800  -54.000  -14.52  -34.28   18700   18103   -4688  -12746   22631
  -27.700  -58.000  -11.35  -31.55   19275   18898   -3794  -11835   22618
  -27.700  -57.900  -11.44  -31.61   19261   18879   -3819  -11854   22617
  -27.700  -57.800  -11.52  -31.67   19247   18859   -3844  -11874   22615
  -27.700  -57.700  -11.61  -31.73   19233   18840   -3869  -11894   22614
  -27.700  -57.600  -11.69  -31.79   19220   18821   -3894  -11914   22613
  -27.700  -57.500  -11.77  -31.86   19206   18802   -3919  -11934   22612
  -27.700  -57.400  -11.86  -31.92   19192   18783   -3943  -11954   22611
  -27.700  -57.300  -11.94  -31.98   19178   18763   -3968  -11975   22610
  -27.700  -57.200  -12.02  -32.04   19164   18744   -3992  -11995   22609
  -27.700  -57.100  -12.11  -32.11   19151   18725   -4016  -12016   22608
  -27.700  -57.000  -12.19  -32.17   19137   18706   -4040  -12036   22607
  -27.700  -56.900  -12.27  -32.23   19123   18686   -4064  -12057   22607
  -27.700  -56.800  -12.35  -32.30   19109   18667   -4088  -12078   22606
  -27.700  -56.700  -12.43  -32.36   19096   18648   -4112  -12099   22606
  -27.700  -56.600  -12.52  -32.42   19082   18628   -4135  -12120   22606
  -27.700  -56.500  -12.60  -32.49   19068   18609   -4159  -12142   22606
  -27.700  -56.400  -12.68  -32.55   19054   18590   -4182  -12163   22605
  -27.700  -56.300  -12.76  -32.62   19040   18570   -4205  -12185   22605
  -27.700  -56.200  -12.84  -32.68   19027   18551   -4228  -12206   22605
  -27.700  -56.100  -12.92  -32.75   19013   18531   -4251  -12228   22606
  -27.700  -56.000  -13.00  -32.81   18999   18512   -4274  -12250   22606
  -27.700  -55.900  -13.08  -32.88   18985   18493   -4297  -12272   22606
  -27.700  -55.800  -13.16  -32.94   18971   18473   -4320  -12294   22607
  -27.700  -55.700  -13.24  -33.01   18958   18454   -4342  -12316   22607
  -27.700  -55.600  -13.32  -33.08   18944   18434   -4365  -12339   22608
  -27.700  -55.500  -13.40  -33.14   18930   18415   -4387  -12361   22608
  -27.700  -55.400  -13.48  -33.21   18916   18395   -4409  -12384   22609
  -27.700  -55.300  -13.56  -33.28   18902   18376   -4431  -12406   22610
  -27.700  -55.200  -13.64  -33.35   18889   18356   -4453  -12429   22611
  -27.700  -55.100  -13.71  -33.41   18875   18337   -4475  -12452   22612
  -27.700  -55.000  -13.79  -33.48   18861   18317   -4496  -12475   22613
  -27.700  -54.900  -13.87  -33.55   18847   18298   -4518  -12498   22614
  -27.700  -54.800  -13.95  -33.62   18833   18278   -4539  -12521   22616
  -27.700  -54.700  -14.02  -33.69   18819   18259   -4560  -12544   22617
  -27.700  -54.600  -14.10  -33.75   18806   18239   -4582  -12568   22618
  -27.700  -54.500  -14.18  -33.82   18792   18219   -4603  -12591   22620
  -27.700  -54.400  -14.25  -33.89   18778   18200   -4624  -12615   22622
  -27.700  -54.300  -14.33  -33.96   18764   18180   -4644  -12638   22623
  -27.700  -54.200  -14.41  -34.03   18750   18161   -4665  -12662   22625
  -27.700  -54.100  -14.48  -34.10   18736   18141   -4685  -12686   22627
  -27.700  -54.000  -14.56  -34.17   18722   18121   -4706  -12710   22629
  -27.600  -58.000  -11.39  -31.43   19297   18917   -3813  -11794   22616
  -27.600  -57.900  -11.48  -31.49   19283   18898   -3838  -11814   22614
  -27.600  -57.800  -11.56  -31.55   19270   18878   -3863  -11833   22613
  -27.600  -57.700  -11.65  -31.62   19256   18859   -3887  -11853   22612
  -27.600  -57.600  -11.73  -31.68   19242   18840   -3912  -11874   22610
  -27.600  -57.500  -11.81  -31.74   19228   18821   -3937  -11894   22609
  -27.600  -57.400  -11.90  -31.80   19214   18802   -3961  -11914   22608
  -27.600  -57.300  -11.98  -31.86   19201   18782   -3986  -11935   22607
  -27.600  -57.200  -12.06  -31.93   19187   18763   -4010  -11955   22607
  -27.600  -57.100  -12.15  -31.99   19173   18744   -4034  -11976   22606
  -27.600  -57.000  -12.23  -32.05   19159   18725   -4058  -11997   22605
  -27.600  -56.900  -12.31  -32.12   19146   18705   -4082  -12018   22605
  -27.600  -56.800  -12.39  -32.18   19132   18686   -4106  -12039   22604
  -27.600  -56.700  -12.47  -32.24   19118   18667   -4130  -12060   22604
  -27.600  -56.600  -12.56  -32.31   19104   18647   -4153  -12081   22604
  -27.600  -56.500  -12.64  -32.37   19090   18628   -4177  -12103   22603
  -27.600  -56.400  -12.72  -32.44   19077   18609   -4200  -12124   22603
  -27.600  -56.300  -12.80  -32.50   19063   18589   -4223  -12146   22603
  -27.600  -56.200  -12.88  -32.57   19049   18570   -4246  -12168   22604
  -27.600  -56.100  -12.96  -32.63   19035   18550   -4269  -12189   22604
  -27.600  -56.000  -13.04  -32.70   19022   18531   -4292  -12211   22604
  -27.600  -55.900  -13.12  -32.77   19008   18512   -4315  -12234   22604
  -27.600  -55.800  -13.20  -32.83   18994   18492   -4338  -12256   22605
  -27.600  -55.700  -13.28  -32.90   18980   18473   -4360  -12278   22605
  -27.600  -55.600  -13.36  -32.97   18966   18453   -4383  -12301   22606
  -27.600  -55.500  -13.44  -33.03   18953   18434   -4405  -12323   22607
  -27.600  -55.400  -13.52  -33.10   18939   18414   -4427  -12346   22607
  -27.600  -55.300  -13.60  -33.17   18925   18395   -4449  -12368   22608
  -27.600  -55.200  -13.67  -33.23   18911   18375   -4471  -12391   22609
  -27.600  -55.100  -13.75  -33.30   18897   18356   -4493  -12414   22610
  -27.600  -55.000  -13.83  -33.37   18884   18336   -4514  -12437   22611
  -27.600  -54.900  -13.91  -33.44   18870   18317   -4536  -12460   22613
  -27.600  -54.800  -13.99  -33.51   18856   18297   -4557  -12484   22614
  -27.600  -54.700  -14.06  -33.58   18842   18277   -4578  -12507   22615
  -27.600  -54.600  -14.14  -33.64   18828   18258   -4600  -12531   22617
  -27.600  -54.500  -14.22  -33.71   18815   18238   -4621  -12554   22618
  -27.600  -54.400  -14.29  -33.78   18801   18219   -4641  -12578   22620
  -27.600  -54.300  -14.37  -33.85   18787   18199   -4662  -12601   22622
  -27.600  -54.200  -14.44  -33.92   18773   18180   -4683  -12625   22624
  -27.600  -54.100  -14.52  -33.99   18759   18160   -4703  -12649   22625
  -27.600  -54.000  -14.60  -34.06   18745   18140   -4724  -12673   22627
  -27.500  -58.000  -11.44  -31.31   19320   18936   -3831  -11753   22614
  -27.500  -57.900  -11.52  -31.38   19306   18917   -3856  -11773   22612
  -27.500  -57.800  -11.60  -31.44   19292   18898   -3881  -11793   22611
  -27.500  -57.700  -11.69  -31.50   19278   18878   -3906  -11813   22610
  -27.500  -57.600  -11.77  -31.56   19264   18859   -3930  -11833   22608
  -27.500  -57.500  -11.86  -31.62   19251   18840   -3955  -11853   22607
  -27.500  -57.400  -11.94  -31.68   19237   18821   -3979  -11874   22606
  -27.500  -57.300  -12.02  -31.75   19223   18802   -4004  -11894   22605
  -27.500  -57.200  -12.10  -31.81   19209   18782   -4028  -11915   22605
  -27.500  -57.100  -12.19  -31.87   19196   18763   -4052  -11936   22604
  -27.500  -57.000  -12.27  -31.94   19182   18744   -4076  -11957   22603
  -27.500  -56.900  -12.35  -32.00   19168   18724   -4100  -11978   22603
  -27.500  -56.800  -12.43  -32.06   19154   18705   -4124  -11999   22602
  -27.500  -56.700  -12.52  -32.13   19141   18686   -4148  -12020   22602
  -27.500  -56.600  -12.60  -32.19   19127   18666   -4171  -12042   22602
  -27.500  -56.500  -12.68  -32.26   19113   18647   -4195  -12063   22602
  -27.500  -56.400  -12.76  -32.32   19099   18628   -4218  -12085   22602
  -27.500  -56.300  -12.84  -32.39   19086   18608   -4241  -12107   22602
  -27.500  -56.200  -12.92  -32.45   19072   18589   -4264  -12129   22602
  -27.500  -56.100  -13.00  -32.52   19058   18570   -4287  -12151   22602
  -27.500  -56.000  -13.08  -32.59   19044   18550   -4310  -12173   22602
  -27.500  -55.900  -13.16  -32.65   19031   18531   -4333  -12195   22603
  -27.500  -55.800  -13.24  -32.72   19017   18511   -4356  -12217   22603
  -27.500  -55.700  -13.32  -32.79   19003   18492   -4378  -12240   22604
  -27.500  -55.600  -13.40  -32.85   18989   18472   -4401  -12262   22604
  -27.500  -55.500  -13.48  -32.92   18975   18453   -4423  -12285   22605
  -27.500  -55.400  -13.56  -32.99   18962   18433   -4445  -12308   22606
  -27.500  -55.300  -13.64  -33.05   18948   18414   -4467  -12331   22607
  -27.500  -55.200  -13.71  -33.12   18934   18394   -4489  -12353   22608
  -27.500  -55.100  -13.79  -33.19   18920   18375   -4511  -12377   22609
  -27.500  -55.000  -13.87  -33.26   18906   18355   -4532  -12400   22610
  -27.500  -54.900  -13.95  -33.33   18893   18336   -4554  -12423   22611
  -27.500  -54.800  -14.02  -33.40   18879   18316   -4575  -12446   22612
  -27.500  -54.700  -14.10  -33.46   18865   18297   -4596  -12470   22614
  -27.500  -54.600  -14.18  -33.53   18851   18277   -4617  -12493   22615
  -27.500  -54.500  -14.25  -33.60   18837   18257   -4638  -12517   22617
  -27.500  -54.400  -14.33  -33.67   18824   18238   -4659  -12541   22619
  -27.500  -54.300  -14.41  -33.74   18810   18218   -4680  -12565   22620
  -27.500  -54.200  -14.48  -33.81   18796   18199   -4701  -12589   22622
  -27.500  -54.100  -14.56  -33.88   18782   18179   -4721  -12613   22624
  -27.500  -54.000  -14.63  -33.95   18768   18159   -4742  -12637   22626
  -27.400  -58.000  -11.48  -31.20   19342   18955   -3849  -11712   22612
  -27.400  -57.900  -11.56  -31.26   19328   18936   -3874  -11732   22610
  -27.400  -57.800  -11.65  -31.32   19315   18917   -3899  -11752   22609
  -27.400  -57.700  -11.73  -31.38   19301   18898   -3924  -11772   22608
  -27.400  -57.600  -11.81  -31.44   19287   18879   -3948  -11792   22606
  -27.400  -57.500  -11.90  -31.50   19273   18859   -3973  -11813   22605
  -27.400  -57.400  -11.98  -31.57   19260   18840   -3998  -11833   22604
  -27.400  -57.300  -12.06  -31.63   19246   18821   -4022  -11854   22604
  -27.400  -57.200  -12.15  -31.69   19232   18802   -4046  -11875   22603
  -27.400  -57.100  -12.23  -31.76   19218   18782   -4070  -11896   22602
  -27.400  -57.000  -12.31  -31.82   19205   18763   -4094  -11917   22602
  -27.400  -56.900  -12.39  -31.88   19191   18744   -4118  -11938   22601
  -27.400  -56.800  -12.47  -31.95   19177   18724   -4142  -11959   22601
  -27.400  -56.700  -12.56  -32.01   19163   18705   -4166  -11981   22600
  -27.400  -56.600  -12.64  -32.08   19150   18686   -4189  -12002   22600
  -27.400  -56.500  -12.72  -32.14   19136   18666   -4213  -12024   22600
  -27.400  -56.400  -12.80  -32.21   19122   18647   -4236  -12046   22600
  -27.400  -56.300  -12.88  -32.27   19108   18628   -4259  -12068   22600
  -27.400  -56.200  -12.96  -32.34   19095   18608   -4282  -12090   22600
  -27.400  -56.100  -13.04  -32.41   19081   18589   -4305  -12112   22600
  -27.400  -56.000  -13.12  -32.47   19067   18569   -4328  -12134   22601
  -27.400  -55.900  -13.20  -32.54   19053   18550   -4351  -12156   22601
  -27.400  -55.800  -13.28  -32.60   19040   18530   -4374  -12179   22601
  -27.400  -55.700  -13.36  -32.67   19026   18511   -4396  -12201   22602
  -27.400  -55.600  -13.44  -32.74   19012   18492   -4418  -12224   22603
  -27.400  -55.500  -13.52  -32.81   18998   18472   -4441  -12247   22603
  -27.400  -55.400  -13.60  -32.87   18985   18453   -4463  -12269   22604
  -27.400  -55.300  -13.67  -32.94   18971   18433   -4485  -12292   22605
  -27.400  -55.200  -13.75  -33.01   18957   18414   -4507  -12316   22606
  -27.400  -55.100  -13.83  -33.08   18943   18394   -4528  -12339   22607
  -27.400  -55.000  -13.91  -33.15   18929   18374   -4550  -12362   22608
  -27.400  -54.900  -13.99  -33.22   18916   18355   -4572  -12385   22610
  -27.400  -54.800  -14.06  -33.28   18902   18335   -4593  -12409   22611
  -27.400  -54.700  -14.14  -33.35   18888   18316   -4614  -12432   22612
  -27.400  -54.600  -14.22  -33.42   18874   18296   -4635  -12456   22614
  -27.400  -54.500  -14.29  -33.49   18860   18277   -4656  -12480   22616
  -27.400  -54.400  -14.37  -33.56   18847   18257   -4677  -12504   22617
  -27.400  -54.300  -14.45  -33.63   18833   18237   -4698  -12528   22619
  -27.400  -54.200  -14.52  -33.70   18819   18218   -4718  -12552   22621
  -27.400  -54.100  -14.60  -33.77   18805   18198   -4739  -12576   22623
  -27.400  -54.000  -14.67  -33.84   18791   18179   -4759  -12600   22625
  -27.300  -58.000  -11.52  -31.08   19365   18975   -3867  -11671   22610
  -27.300  -57.900  -11.60  -31.14   19351   18956   -3892  -11691   22608
  -27.300  -57.800  -11.69  -31.20   19337   18936   -3917  -11711   22607
  -27.300  -57.700  -11.77  -31.26   19324   18917   -3942  -11731   22606
  -27.300  -57.600  -11.85  -31.32   19310   18898   -3966  -11752   22605
  -27.300  -57.500  -11.94  -31.39   19296   18879   -3991  -11772   22604
  -27.300  -57.400  -12.02  -31.45   19282   18860   -4016  -11793   22603
  -27.300  -57.300  -12.10  -31.51   19269   18840   -4040  -11814   22602
  -27.300  -57.200  -12.19  -31.58   19255   18821   -4064  -11835   22601
  -27.300  -57.100  -12.27  -31.64   19241   18802   -4088  -11856   22600
  -27.300  -57.000  -12.35  -31.70   19227   18782   -4112  -11877   22600
  -27.300  -56.900  -12.43  -31.77   19214   18763   -4136  -11898   22599
  -27.300  -56.800  -12.51  -31.83   19200   18744   -4160  -11920   22599
  -27.300  -56.700  -12.60  -31.90   19186   18725   -4184  -11941   22599
  -27.300  -56.600  -12.68  -31.96   19173   18705   -4207  -11963   22598
  -27.300  -56.500  -12.76  -32.03   19159   18686   -4231  -11984   22598
  -27.300  -56.400  -12.84  -32.09   19145   18666   -4254  -12006   22598
  -27.300  -56.300  -12.92  -32.16   19131   18647   -4277  -12028   22598
  -27.300  -56.200  -13.00  -32.22   19118   18628   -4300  -12050   22599
  -27.300  -56.100  -13.08  -32.29   19104   18608   -4323  -12073   22599
  -27.300  -56.000  -13.16  -32.36   19090   18589   -4346  -12095   22599
  -27.300  -55.900  -13.24  -32.42   19076   18569   -4369  -12117   22600
  -27.300  -55.800  -13.32  -32.49   19063   18550   -4392  -12140   22600
  -27.300  -55.700  -13.40  -32.56   19049   18530   -4414  -12163   22601
  -27.300  -55.600  -13.48  -32.63   19035   18511   -4436  -12185   22601
  -27.300  -55.500  -13.56  -32.69   19021   18491   -4459  -12208   22602
  -27.300  -55.400  -13.63  -32.76   19008   18472   -4481  -12231   22603
  -27.300  -55.300  -13.71  -32.83   18994   18452   -4503  -12254   22604
  -27.300  -55.200  -13.79  -32.90   18980   18433   -4525  -12277   22605
  -27.300  -55.100  -13.87  -32.97   18966   18413   -4546  -12301   22606
  -27.300  -55.000  -13.95  -33.03   18953   18394   -4568  -12324   22607
  -27.300  -54.900  -14.02  -33.10   18939   18374   -4589  -12348   22608
  -27.300  -54.800  -14.10  -33.17   18925   18355   -4611  -12371   22610
  -27.300  -54.700  -14.18  -33.24   18911   18335   -4632  -12395   22611
  -27.300  -54.600  -14.25  -33.31   18897   18316   -4653  -12419   22613
  -27.300  -54.500  -14.33  -33.38   18884   18296   -4674  -12443   22614
  -27.300  -54.400  -14.41  -33.45   18870   18276   -4695  -12467   22616
  -27.300  -54.300  -14.48  -33.52   18856   18257   -4716  -12491   22618
  -27.300  -54.200  -14.56  -33.59   18842   18237   -4736  -12515   22620
  -27.300  -54.100  -14.63  -33.66   18828   18218   -4757  -12539   22622
  -27.300  -54.000  -14.71  -33.73   18815   18198   -4777  -12563   22624
  -27.200  -58.000  -11.56  -30.96   19388   18994   -3885  -11630   22608
  -27.200  -57.900  -11.64  -31.02   19374   18975   -3910  -11650   22607
  -27.200  -57.800  -11.73  -31.08   19360   18956   -3935  -11670   22605
  -27.200  -57.700  -11.81  -31.14   19346   18937   -3960  -11690   22604
  -27.200  -57.600  -11.89  -31.21   19333   18918   -3984  -11711   22603
  -27.200  -57.500  -11.98  -31.27   19319   18898   -4009  -11732   22602
  -27.200  -57.400  -12.06  -31.33   19305   18879   -4034  -11752   22601
  -27.200  -57.300  -12.14  -31.39   19292   18860   -4058  -11773   22600
  -27.200  -57.200  -12.23  -31.46   19278   18841   -4082  -11794   22600
  -27.200  -57.100  -12.31  -31.52   19264   18821   -4106  -11815   22599
  -27.200  -57.000  -12.39  -31.59   19250   18802   -4130  -11837   22598
  -27.200  -56.900  -12.47  -31.65   19237   18783   -4154  -11858   22598
  -27.200  -56.800  -12.55  -31.72   19223   18763   -4178  -11880   22598
  -27.200  -56.700  -12.63  -31.78   19209   18744   -4202  -11901   22597
  -27.200  -56.600  -12.72  -31.85   19196   18725   -4225  -11923   22597
  -27.200  -56.500  -12.80  -31.91   19182   18705   -4249  -11945   22597
  -27.200  -56.400  -12.88  -31.98   19168   18686   -4272  -11967   22597
  -27.200  -56.300  -12.96  -32.04   19154   18667   -4295  -11989   22597
  -27.200  -56.200  -13.04  -32.11   19141   18647   -4318  -12011   22597
  -27.200  -56.100  -13.12  -32.18   19127   18628   -4341  -12033   22597
  -27.200  -56.000  -13.20  -32.24   19113   18608   -4364  -12056   22598
  -27.200  -55.900  -13.28  -32.31   19100   18589   -4387  -12078   22598
  -27.200  -55.800  -13.36  -32.38   19086   18569   -4410  -12101   22599
  -27.200  -55.700  -13.44  -32.44   19072   18550   -4432  -12124   22599
  -27.200  -55.600  -13.52  -32.51   19058   18530   -4454  -12147   22600
  -27.200  -55.500  -13.59  -32.58   19045   18511   -4477  -12170   22601
  -27.200  -55.400  -13.67  -32.65   19031   18491   -4499  -12193   22602
  -27.200  -55.300  -13.75  -32.72   19017   18472   -4521  -12216   22603
  -27.200  -55.200  -13.83  -32.78   19003   18452   -4542  -12239   22604
  -27.200  -55.100  -13.91  -32.85   18990   18433   -4564  -12263   22605
  -27.200  -55.000  -13.98  -32.92   18976   18413   -4586  -12286   22606
  -27.200  -54.900  -14.06  -32.99   18962   18394   -4607  -12310   22607
  -27.200  -54.800  -14.14  -33.06   18948   18374   -4629  -12333   22609
  -27.200  -54.700  -14.22  -33.13   18935   18355   -4650  -12357   22610
  -27.200  -54.600  -14.29  -33.20   18921   18335   -4671  -12381   22612
  -27.200  -54.500  -14.37  -33.27   18907   18316   -4692  -12405   22613
  -27.200  -54.400  -14.44  -33.34   18893   18296   -4713  -12429   22615
  -27.200  -54.300  -14.52  -33.41   18879   18276   -4734  -12453   22617
  -27.200  -54.200  -14.60  -33.48   18866   18257   -4754  -12478   22619
  -27.200  -54.100  -14.67  -33.55   18852   18237   -4775  -12502   22621
  -27.200  -54.000  -14.75  -33.62   18838   18217   -4795  -12527   22623
  -27.100  -58.000  -11.60  -30.84   19411   19014   -3903  -11588   22607
  -27.100  -57.900  -11.68  -30.90   19397   18995   -3928  -11608   22605
  -27.100  -57.800  -11.77  -30.96   19383   18976   -3953  -11629   22604
  -27.100  -57.700  -11.85  -31.02   19369   18957   -3978  -11649   22603
  -27.100  -57.600  -11.93  -31.09   19356   18937   -4003  -11670   22602
  -27.100  -57.500  -12.02  -31.15   19342   18918   -4027  -11691   22601
  -27.100  -57.400  -12.10  -31.21   19328   18899   -4052  -11712   22600
  -27.100  -57.300  -12.18  -31.28   19315   18880   -4076  -11733   22599
  -27.100  -57.200  -12.27  -31.34   19301   18860   -4100  -11754   22598
  -27.100  -57.100  -12.35  -31.40   19287   18841   -4124  -11775   22598
  -27.100  -57.000  -12.43  -31.47   19274   18822   -4148  -11796   22597
  -27.100  -56.900  -12.51  -31.53   19260   18802   -4172  -11818   22597
  -27.100  -56.800  -12.59  -31.60   19246   18783   -4196  -11840   22596
  -27.100  -56.700  -12.67  -31.66   19232   18764   -4220  -11861   22596
  -27.100  -56.600  -12.76  -31.73   19219   18744   -4243  -11883   22596
  -27.100  -56.500  -12.84  -31.79   19205   18725   -4267  -11905   22596
  -27.100  -56.400  -12.92  -31.86   19191   18706   -4290  -11927   22596
  -27.100  -56.300  -13.00  -31.93   19178   18686   -4313  -11949   22596
  -27.100  -56.200  -13.08  -31.99   19164   18667   -4336  -11972   22596
  -27.100  -56.100  -13.16  -32.06   19150   18647   -4359  -11994   22596
  -27.100  -56.000  -13.24  -32.13   19137   18628   -4382  -12017   22597
  -27.100  -55.900  -13.32  -32.19   19123   18609   -4405  -12039   22597
  -27.100  -55.800  -13.40  -32.26   19109   18589   -4427  -12062   22598
  -27.100  -55.700  -13.48  -32.33   19095   18570   -4450  -12085   22598
  -27.100  -55.600  -13.55  -32.40   19082   18550   -4472  -12108   22599
  -27.100  -55.500  -13.63  -32.46   19068   18531   -4494  -12131   22600
  -27.100  -55.400  -13.71  -32.53   19054   18511   -4517  -12154   22601
  -27.100  -55.300  -13.79  -32.60   19040   18492   -4539  -12178   22602
  -27.100  -55.200  -13.87  -32.67   19027   18472   -4560  -12201   22603
  -27.100  -55.100  -13.95  -32.74   19013   18453   -4582  -12225   22604
  -27.100  -55.000  -14.02  -32.81   18999   18433   -4604  -12248   22605
  -27.100  -54.900  -14.10  -32.88   18985   18413   -4625  -12272   22606
  -27.100  -54.800  -14.18  -32.95   18972   18394   -4646  -12296   22608
  -27.100  -54.700  -14.25  -33.02   18958   18374   -4668  -12320   22609
  -27.100  -54.600  -14.33  -33.09   18944   18355   -4689  -12344   22611
  -27.100  -54.500  -14.41  -33.16   18930   18335   -4710  -12368   22612
  -27.100  -54.400  -14.48  -33.23   18917   18316   -4731  -12392   22614
  -27.100  -54.300  -14.56  -33.30   18903   18296   -4751  -12416   22616
  -27.100  -54.200  -14.63  -33.37   18889   18276   -4772  -12441   22618
  -27.100  -54.100  -14.71  -33.44   18875   18257   -4792  -12465   22620
  -27.100  -54.000  -14.78  -33.51   18861   18237   -4813  -12490   22622
  -27.000  -58.000  -11.64  -30.72   19434   19034   -3921  -11547   22605
  -27.000  -57.900  -11.72  -30.78   19420   19015   -3946  -11567   22604
  -27.000  -57.800  -11.81  -30.84   19406   18996   -3971  -11588   22603
  -27.000  -57.700  -11.89  -30.90   19393   18976   -3996  -11608   22601
  -27.000  -57.600  -11.97  -30.97   19379   18957   -4021  -11629   22600
  -27.000  -57.500  -12.06  -31.03   19365   18938   -4045  -11650   22599
  -27.000  -57.400  -12.14  -31.09   19352   18919   -4070  -11671   22598
  -27.000  -57.300  -12.22  -31.16   19338   18900   -4094  -11692   22598
  -27.000  -57.200  -12.30  -31.22   19324   18880   -4118  -11713   22597
  -27.000  -57.100  -12.39  -31.29   19310   18861   -4142  -11735   22596
  -27.000  -57.000  -12.47  -31.35   19297   18842   -4166  -11756   22596
  -27.000  -56.900  -12.55  -31.42   19283   18822   -4190  -11778   22595
  -27.000  -56.800  -12.63  -31.48   19269   18803   -4214  -11799   22595
  -27.000  -56.700  -12.71  -31.55   19256   18784   -4238  -11821   22595
  -27.000  -56.600  -12.79  -31.61   19242   18764   -4261  -11843   22595
  -27.000  -56.500  -12.88  -31.68   19228   18745   -4285  -11865   22595
  -27.000  -56.400  -12.96  -31.74   19215   18726   -4308  -11888   22595
  -27.000  -56.300  -13.04  -31.81   19201   18706   -4331  -11910   22595
  -27.000  -56.200  -13.12  -31.88   19187   18687   -4354  -11932   22595
  -27.000  -56.100  -13.20  -31.94   19174   18667   -4377  -11955   22595
  -27.000  -56.000  -13.28  -32.01   19160   18648   -4400  -11977   22596
  -27.000  -55.900  -13.36  -32.08   19146   18628   -4423  -12000   22596
  -27.000  -55.800  -13.44  -32.15   19133   18609   -4445  -12023   22597
  -27.000  -55.700  -13.51  -32.21   19119   18589   -4468  -12046   22597
  -27.000  -55.600  -13.59  -32.28   19105   18570   -4490  -12069   22598
  -27.000  -55.500  -13.67  -32.35   19091   18550   -4512  -12092   22599
  -27.000  -55.400  -13.75  -32.42   19078   18531   -4534  -12116   22600
  -27.000  -55.300  -13.83  -32.49   19064   18511   -4556  -12139   22601
  -27.000  -55.200  -13.91  -32.56   19050   18492   -4578  -12163   22602
  -27.000  -55.100  -13.98  -32.63   19037   18472   -4600  -12186   22603
  -27.000  -55.000  -14.06  -32.69   19023   18453   -4622  -12210   22604
  -27.000  -54.900  -14.14  -32.76   19009   18433   -4643  -12234   22606
  -27.000  -54.800  -14.21  -32.83   18995   18414   -4664  -12258   22607
  -27.000  -54.700  -14.29  -32.90   18982   18394   -4686  -12282   22608
  -27.000  -54.600  -14.37  -32.97   18968   18375   -4707  -12306   22610
  -27.000  -54.500  -14.44  -33.04   18954   18355   -4728  -12330   22612
  -27.000  -54.400  -14.52  -33.12   18940   18335   -4748  -12354   22613
  -27.000  -54.300  -14.59  -33.19   18926   18316   -4769  -12379   22615
  -27.000  -54.200  -14.67  -33.26   18913   18296   -4790  -12403   22617
  -27.000  -54.100  -14.75  -33.33   18899   18277   -4810  -12428   22619
  -27.000  -54.000  -14.82  -33.40   18885   18257   -4830  -12453   22621
  -26.900  -58.000  -11.68  -30.60   19457   19054   -3939  -11505   22604
  -26.900  -57.900  -11.76  -30.66   19443   19035   -3964  -11526   22603
  -26.900  -57.800  -11.85  -30.72   19430   19016   -3989  -11546   22601
  -26.900  -57.700  -11.93  -30.78   19416   18996   -4014  -11567   22600
  -26.900  -57.600  -12.01  -30.85   19402   18977   -4039  -11588   22599
  -26.900  -57.500  -12.10  -30.91   19389   18958   -4063  -11609   22598
  -26.900  -57.400  -12.18  -30.97   19375   18939   -4088  -11630   22597
  -26.900  -57.300  -12.26  -31.04   19361   18920   -4112  -11651   22597
  -26.900  -57.200  -12.34  -31.10   19348   18900   -4136  -11672   22596
  -26.900  -57.100  -12.43  -31.17   19334   18881   -4160  -11694   22595
  -26.900  -57.000  -12.51  -31.23   19320   18862   -4184  -11716   22595
  -26.900  -56.900  -12.59  -31.30   19307   18842   -4208  -11737   22594
  -26.900  -56.800  -12.67  -31.36   19293   18823   -4232  -11759   22594
  -26.900  -56.700  -12.75  -31.43   19279   18804   -4256  -11781   22594
  -26.900  -56.600  -12.83  -31.49   19266   18784   -4279  -11803   22594
  -26.900  -56.500  -12.91  -31.56   19252   18765   -4303  -11825   22594
  -26.900  -56.400  -12.99  -31.63   19238   18745   -4326  -11848   22594
  -26.900  -56.300  -13.08  -31.69   19224   18726   -4349  -11870   22594
  -26.900  -56.200  -13.16  -31.76   19211   18707   -4372  -11893   22594
  -26.900  -56.100  -13.24  -31.83   19197   18687   -4395  -11915   22594
  -26.900  -56.000  -13.31  -31.89   19183   18668   -4418  -11938   22595
  -26.900  -55.900  -13.39  -31.96   19170   18648   -4441  -11961   22595
  -26.900  -55.800  -13.47  -32.03   19156   18629   -4463  -11984   22596
  -26.900  -55.700  -13.55  -32.10   19142   18609   -4486  -12007   22596
  -26.900  -55.600  -13.63  -32.17   19129   18590   -4508  -12030   22597
  -26.900  -55.500  -13.71  -32.23   19115   18570   -4530  -12054   22598
  -26.900  -55.400  -13.79  -32.30   19101   18551   -4552  -12077   22599
  -26.900  -55.300  -13.87  -32.37   19088   18531   -4574  -12100   22600
  -26.900  -55.200  -13.94  -32.44   19074   18512   -4596  -12124   22601
  -26.900  -55.100  -14.02  -32.51   19060   18492   -4618  -12148   22602
  -26.900  -55.000  -14.10  -32.58   19046   18473   -4639  -12172   22603
  -26.900  -54.900  -14.17  -32.65   19033   18453   -4661  -12196   22605
  -26.900  -54.800  -14.25  -32.72   19019   18434   -4682  -12220   22606
  -26.900  -54.700  -14.33  -32.79   19005   18414   -4703  -12244   22608
  -26.900  -54.600  -14.40  -32.86   18992   18395   -4724  -12268   22609
  -26.900  -54.500  -14.48  -32.93   18978   18375   -4745  -12292   22611
  -26.900  -54.400  -14.56  -33.00   18964   18355   -4766  -12317   22613
  -26.900  -54.300  -14.63  -33.07   18950   18336   -4787  -12341   22615
  -26.900  -54.200  -14.71  -33.15   18936   18316   -4807  -12366   22616
  -26.900  -54.100  -14.78  -33.22   18923   18296   -4828  -12391   22618
  -26.900  -54.000  -14.86  -33.29   18909   18277   -4848  -12415   22621
  -26.800  -58.000  -11.72  -30.48   19480   19074   -3957  -11463   22603
  -26.800  -57.900  -11.80  -30.54   19467   19055   -3982  -11484   22602
  -26.800  -57.800  -11.89  -30.60   19453   19036   -4007  -11505   22600
  -26.800  -57.700  -11.97  -30.66   19439   19017   -4032  -11526   22599
  -26.800  -57.600  -12.05  -30.73   19426   18997   -4056  -11547   22598
  -26.800  -57.500  -12.14  -30.79   19412   18978   -4081  -11568   22597
  -26.800  -57.400  -12.22  -30.85   19398   18959   -4106  -11589   22596
  -26.800  -57.300  -12.30  -30.92   19385   18940   -4130  -11610   22596
  -26.800  -57.200  -12.38  -30.98   19371   18920   -4154  -11632   22595
  -26.800  -57.100  -12.47  -31.05   19357   18901   -4178  -11653   22594
  -26.800  -57.000  -12.55  -31.11   19344   18882   -4202  -11675   22594
  -26.800  -56.900  -12.63  -31.18   19330   18862   -4226  -11697   22594
  -26.800  -56.800  -12.71  -31.24   19316   18843   -4250  -11719   22593
  -26.800  -56.700  -12.79  -31.31   19303   18824   -4274  -11741   22593
  -26.800  -56.600  -12.87  -31.38   19289   18804   -4297  -11763   22593
  -26.800  -56.500  -12.95  -31.44   19275   18785   -4321  -11785   22593
  -26.800  -56.400  -13.03  -31.51   19262   18766   -4344  -11808   22593
  -26.800  -56.300  -13.11  -31.58   19248   18746   -4367  -11830   22593
  -26.800  -56.200  -13.19  -31.64   19234   18727   -4390  -11853   22593
  -26.800  -56.100  -13.27  -31.71   19221   18707   -4413  -11876   22594
  -26.800  -56.000  -13.35  -31.78   19207   18688   -4436  -11899   22594
  -26.800  -55.900  -13.43  -31.85   19193   18668   -4459  -11922   22595
  -26.800  -55.800  -13.51  -31.91   19180   18649   -4481  -11945   22595
  -26.800  -55.700  -13.59  -31.98   19166   18630   -4504  -11968   22596
  -26.800  -55.600  -13.67  -32.05   19152   18610   -4526  -11991   22597
  -26.800  -55.500  -13.75  -32.12   19139   18591   -4548  -12015   22597
  -26.800  -55.400  -13.83  -32.19   19125   18571   -4570  -12038   22598
  -26.800  -55.300  -13.90  -32.26   19111   18552   -4592  -12062   22599
  -26.800  -55.200  -13.98  -32.33   19098   18532   -4614  -12086   22600
  -26.800  -55.100  -14.06  -32.40   19084   18512   -4636  -12109   22602
  -26.800  -55.000  -14.14  -32.47   19070   18493   -4657  -12133   22603
  -26.800  -54.900  -14.21  -32.54   19057   18473   -4679  -12157   22604
  -26.800  -54.800  -14.29  -32.61   19043   18454   -4700  -12181   22606
  -26.800  -54.700  -14.37  -32.68   19029   18434   -4721  -12206   22607
  -26.800  -54.600  -14.44  -32.75   19015   18415   -4742  -12230   22609
  -26.800  -54.500  -14.52  -32.82   19002   18395   -4763  -12254   22611
  -26.800  -54.400  -14.59  -32.89   18988   18375   -4784  -12279   22612
  -26.800  -54.300  -14.67  -32.96   18974   18356   -4805  -12304   22614
  -26.800  -54.200  -14.74  -33.03   18960   18336   -4825  -12328   22616
  -26.800  -54.100  -14.82  -33.10   18947   18317   -4846  -12353   22618
  -26.800  -54.000  -14.89  -33.18   18933   18297   -4866  -12378   22620
  -26.700  -58.000  -11.76  -30.35   19504   19094   -3975  -11422   22602
  -26.700  -57.900  -11.84  -30.42   19490   19075   -4000  -11442   22601
  -26.700  -57.800  -11.93  -30.48   19477   19056   -4025  -11463   22600
  -26.700  -57.700  -12.01  -30.54   19463   19037   -4050  -11484   22598
  -26.700  -57.600  -12.09  -30.61   19449   19018   -4074  -11505   22597
  -26.700  -57.500  -12.18  -30.67   19436   18998   -4099  -11526   22596
  -26.700  -57.400  -12.26  -30.73   19422   18979   -4124  -11548   22596
  -26.700  -57.300  -12.34  -30.80   19408   18960   -4148  -11569   22595
  -26.700  -57.200  -12.42  -30.86   19395   18941   -4172  -11591   22594
  -26.700  -57.100  -12.50  -30.93   19381   18921   -4196  -11612   22594
  -26.700  -57.000  -12.59  -30.99   19367   18902   -4220  -11634   22593
  -26.700  -56.900  -12.67  -31.06   19354   18883   -4244  -11656   22593
  -26.700  -56.800  -12.75  -31.13   19340   18863   -4268  -11678   22593
  -26.700  -56.700  -12.83  -31.19   19326   18844   -4292  -11700   22592
  -26.700  -56.600  -12.91  -31.26   19313   18825   -4315  -11723   22592
  -26.700  -56.500  -12.99  -31.32   19299   18805   -4338  -11745   22592
  -26.700  -56.400  -13.07  -31.39   19286   18786   -4362  -11768   22592
  -26.700  -56.300  -13.15  -31.46   19272   18766   -4385  -11790   22592
  -26.700  -56.200  -13.23  -31.53   19258   18747   -4408  -11813   22593
  -26.700  -56.100  -13.31  -31.59   19245   18728   -4431  -11836   22593
  -26.700  -56.000  -13.39  -31.66   19231   18708   -4454  -11859   22593
  -26.700  -55.900  -13.47  -31.73   19217   18689   -4476  -11882   22594
  -26.700  -55.800  -13.55  -31.80   19204   18669   -4499  -11905   22595
  -26.700  -55.700  -13.63  -31.87   19190   18650   -4521  -11929   22595
  -26.700  -55.600  -13.71  -31.93   19176   18630   -4544  -11952   22596
  -26.700  -55.500  -13.78  -32.00   19163   18611   -4566  -11976   22597
  -26.700  -55.400  -13.86  -32.07   19149   18591   -4588  -11999   22598
  -26.700  -55.300  -13.94  -32.14   19135   18572   -4610  -12023   22599
  -26.700  -55.200  -14.02  -32.21   19122   18552   -4632  -12047   22600
  -26.700  -55.100  -14.10  -32.28   19108   18533   -4653  -12071   22601
  -26.700  -55.000  -14.17  -32.35   19094   18513   -4675  -12095   22603
  -26.700  -54.900  -14.25  -32.42   19081   18494   -4696  -12119   22604
  -26.700  -54.800  -14.33  -32.49   19067   18474   -4718  -12143   22605
  -26.700  -54.700  -14.40  -32.56   19053   18454   -4739  -12168   22607
  -26.700  -54.600  -14.48  -32.63   19039   18435   -4760  -12192   22608
  -26.700  -54.500  -14.55  -32.70   19026   18415   -4781  -12217   22610
  -26.700  -54.400  -14.63  -32.78   19012   18396   -4802  -12241   22612
  -26.700  -54.300  -14.70  -32.85   18998   18376   -4822  -12266   22614
  -26.700  -54.200  -14.78  -32.92   18984   18356   -4843  -12291   22616
  -26.700  -54.100  -14.85  -32.99   18971   18337   -4863  -12316   22618
  -26.700  -54.000  -14.93  -33.06   18957   18317   -4884  -12341   22620
  -26.600  -58.000  -11.80  -30.23   19527   19115   -3993  -11380   22601
  -26.600  -57.900  -11.88  -30.29   19514   19096   -4018  -11400   22600
  -26.600  -57.800  -11.97  -30.36   19500   19076   -4043  -11421   22599
  -26.600  -57.700  -12.05  -30.42   19487   19057   -4068  -11442   22598
  -26.600  -57.600  -12.13  -30.49   19473   19038   -4092  -11464   22597
  -26.600  -57.500  -12.21  -30.55   19459   19019   -4117  -11485   22596
  -26.600  -57.400  -12.30  -30.61   19446   19000   -4141  -11506   22595
  -26.600  -57.300  -12.38  -30.68   19432   18980   -4166  -11528   22594
  -26.600  -57.200  -12.46  -30.74   19418   18961   -4190  -11550   22594
  -26.600  -57.100  -12.54  -30.81   19405   18942   -4214  -11571   22593
  -26.600  -57.000  -12.62  -30.87   19391   18922   -4238  -11593   22593
  -26.600  -56.900  -12.71  -30.94   19378   18903   -4262  -11615   22592
  -26.600  -56.800  -12.79  -31.01   19364   18884   -4286  -11638   22592
  -26.600  -56.700  -12.87  -31.07   19350   18864   -4309  -11660   22592
  -26.600  -56.600  -12.95  -31.14   19337   18845   -4333  -11682   22592
  -26.600  -56.500  -13.03  -31.21   19323   18826   -4356  -11705   22592
  -26.600  -56.400  -13.11  -31.27   19309   18806   -4380  -11728   22592
  -26.600  -56.300  -13.19  -31.34   19296   18787   -4403  -11750   22592
  -26.600  -56.200  -13.27  -31.41   19282   18767   -4426  -11773   22592
  -26.600  -56.100  -13.35  -31.47   19269   18748   -4449  -11796   22593
  -26.600  -56.000  -13.43  -31.54   19255   18729   -4472  -11819   22593
  -26.600  -55.900  -13.51  -31.61   19241   18709   -4494  -11842   22594
  -26.600  -55.800  -13.59  -31.68   19228   18690   -4517  -11866   22594
  -26.600  -55.700  -13.67  -31.75   19214   18670   -4539  -11889   22595
  -26.600  -55.600  -13.74  -31.82   19200   18651   -4562  -11913   22596
  -26.600  -55.500  -13.82  -31.89   19187   18631   -4584  -11936   22597
  -26.600  -55.400  -13.90  -31.96   19173   18612   -4606  -11960   22598
  -26.600  -55.300  -13.98  -32.03   19159   18592   -4628  -11984   22599
  -26.600  -55.200  -14.05  -32.10   19146   18573   -4649  -12008   22600
  -26.600  -55.100  -14.13  -32.17   19132   18553   -4671  -12032   22601
  -26.600  -55.000  -14.21  -32.24   19118   18533   -4693  -12056   22602
  -26.600  -54.900  -14.29  -32.31   19105   18514   -4714  -12080   22604
  -26.600  -54.800  -14.36  -32.38   19091   18494   -4735  -12105   22605
  -26.600  -54.700  -14.44  -32.45   19077   18475   -4757  -12129   22607
  -26.600  -54.600  -14.51  -32.52   19064   18455   -4778  -12154   22608
  -26.600  -54.500  -14.59  -32.59   19050   18436   -4799  -12178   22610
  -26.600  -54.400  -14.67  -32.66   19036   18416   -4819  -12203   22612
  -26.600  -54.300  -14.74  -32.73   19022   18396   -4840  -12228   22614
  -26.600  -54.200  -14.82  -32.81   19009   18377   -4861  -12253   22616
  -26.600  -54.100  -14.89  -32.88   18995   18357   -4881  -12278   22618
  -26.600  -54.000  -14.96  -32.95   18981   18337   -4901  -12303   22620
  -26.500  -58.000  -11.84  -30.11   19551   19135   -4011  -11338   22601
  -26.500  -57.900  -11.92  -30.17   19538   19116   -4036  -11358   22599
  -26.500  -57.800  -12.00  -30.24   19524   19097   -4061  -11380   22598
  -26.500  -57.700  -12.09  -30.30   19510   19078   -4086  -11401   22597
  -26.500  -57.600  -12.17  -30.36   19497   19059   -4110  -11422   22596
  -26.500  -57.500  -12.25  -30.43   19483   19039   -4135  -11443   22595
  -26.500  -57.400  -12.34  -30.49   19470   19020   -4159  -11465   22594
  -26.500  -57.300  -12.42  -30.56   19456   19001   -4184  -11487   22594
  -26.500  -57.200  -12.50  -30.62   19442   18982   -4208  -11508   22593
  -26.500  -57.100  -12.58  -30.69   19429   18962   -4232  -11530   22593
  -26.500  -57.000  -12.66  -30.75   19415   18943   -4256  -11552   22592
  -26.500  -56.900  -12.74  -30.82   19402   18924   -4280  -11575   22592
  -26.500  -56.800  -12.83  -30.89   19388   18904   -4304  -11597   22592
  -26.500  -56.700  -12.91  -30.95   19374   18885   -4327  -11619   22591
  -26.500  -56.600  -12.99  -31.02   19361   18865   -4351  -11642   22591
  -26.500  -56.500  -13.07  -31.09   19347   18846   -4374  -11664   22591
  -26.500  -56.400  -13.15  -31.15   19333   18827   -4398  -11687   22591
  -26.500  -56.300  -13.23  -31.22   19320   18807   -4421  -11710   22592
  -26.500  -56.200  -13.31  -31.29   19306   18788   -4444  -11733   22592
  -26.500  -56.100  -13.39  -31.36   19293   18768   -4467  -11756   22592
  -26.500  -56.000  -13.47  -31.42   19279   18749   -4489  -11779   22593
  -26.500  -55.900  -13.54  -31.49   19265   18730   -4512  -11803   22593
  -26.500  -55.800  -13.62  -31.56   19252   18710   -4535  -11826   22594
  -26.500  -55.700  -13.70  -31.63   19238   18691   -4557  -11850   22595
  -26.500  -55.600  -13.78  -31.70   19224   18671   -4579  -11873   22595
  -26.500  -55.500  -13.86  -31.77   19211   18652   -4601  -11897   22596
  -26.500  -55.400  -13.94  -31.84   19197   18632   -4624  -11921   22597
  -26.500  -55.300  -14.01  -31.91   19184   18613   -4645  -11945   22598
  -26.500  -55.200  -14.09  -31.98   19170   18593   -4667  -11969   22600
  -26.500  -55.100  -14.17  -32.05   19156   18574   -4689  -11993   22601
  -26.500  -55.000  -14.25  -32.12   19143   18554   -4710  -12017   22602
  -26.500  -54.900  -14.32  -32.19   19129   18534   -4732  -12042   22604
  -26.500  -54.800  -14.40  -32.26   19115   18515   -4753  -12066   22605
  -26.500  -54.700  -14.47  -32.33   19102   18495   -4774  -12091   22607
  -26.500  -54.600  -14.55  -32.40   19088   18476   -4795  -12115   22608
  -26.500  -54.500  -14.63  -32.48   19074   18456   -4816  -12140   22610
  -26.500  -54.400  -14.70  -32.55   19060   18436   -4837  -12165   22612
  -26.500  -54.300  -14.78  -32.62   19047   18417   -4858  -12190   22614
  -26.500  -54.200  -14.85  -32.69   19033   18397   -4878  -12215   22616
  -26.500  -54.100  -14.93  -32.76   19019   18378   -4899  -12240   22618
  -26.500  -54.000  -15.00  -32.84   19006   18358   -4919  -12265   22620
  -26.400  -58.000  -11.88  -29.99   19575   19156   -4029  -11295   22600
  -26.400  -57.900  -11.96  -30.05   19562   19137   -4054  -11316   22599
  -26.400  -57.800  -12.04  -30.11   19548   19118   -4079  -11338   22598
  -26.400  -57.700  -12.13  -30.18   19534   19098   -4104  -11359   22597
  -26.400  -57.600  -12.21  -30.24   19521   19079   -4128  -11380   22596
  -26.400  -57.500  -12.29  -30.31   19507   19060   -4153  -11402   22595
  -26.400  -57.400  -12.37  -30.37   19494   19041   -4177  -11423   22594
  -26.400  -57.300  -12.46  -30.44   19480   19021   -4202  -11445   22593
  -26.400  -57.200  -12.54  -30.50   19466   19002   -4226  -11467   22593
  -26.400  -57.100  -12.62  -30.57   19453   18983   -4250  -11489   22592
  -26.400  -57.000  -12.70  -30.63   19439   18964   -4274  -11511   22592
  -26.400  -56.900  -12.78  -30.70   19426   18944   -4298  -11534   22592
  -26.400  -56.800  -12.86  -30.77   19412   18925   -4322  -11556   22591
  -26.400  -56.700  -12.94  -30.83   19398   18906   -4345  -11579   22591
  -26.400  -56.600  -13.02  -30.90   19385   18886   -4369  -11601   22591
  -26.400  -56.500  -13.10  -30.97   19371   18867   -4392  -11624   22591
  -26.400  -56.400  -13.18  -31.03   19358   18847   -4415  -11647   22591
  -26.400  -56.300  -13.26  -31.10   19344   18828   -4438  -11670   22591
  -26.400  -56.200  -13.34  -31.17   19330   18809   -4462  -11693   22592
  -26.400  -56.100  -13.42  -31.24   19317   18789   -4484  -11716   22592
  -26.400  -56.000  -13.50  -31.31   19303   18770   -4507  -11739   22593
  -26.400  -55.900  -13.58  -31.37   19290   18750   -4530  -11763   22593
  -26.400  -55.800  -13.66  -31.44   19276   18731   -4552  -11786   22594
  -26.400  -55.700  -13.74  -31.51   19262   18711   -4575  -11810   22595
  -26.400  -55.600  -13.82  -31.58   19249   18692   -4597  -11834   22595
  -26.400  -55.500  -13.90  -31.65   19235   18672   -4619  -11858   22596
  -26.400  -55.400  -13.97  -31.72   19222   18653   -4641  -11882   22597
  -26.400  -55.300  -14.05  -31.79   19208   18633   -4663  -11906   22598
  -26.400  -55.200  -14.13  -31.86   19194   18614   -4685  -11930   22600
  -26.400  -55.100  -14.20  -31.93   19181   18594   -4707  -11954   22601
  -26.400  -55.000  -14.28  -32.00   19167   18575   -4728  -11979   22602
  -26.400  -54.900  -14.36  -32.07   19153   18555   -4750  -12003   22604
  -26.400  -54.800  -14.43  -32.15   19140   18535   -4771  -12028   22605
  -26.400  -54.700  -14.51  -32.22   19126   18516   -4792  -12052   22607
  -26.400  -54.600  -14.59  -32.29   19112   18496   -4813  -12077   22608
  -26.400  -54.500  -14.66  -32.36   19099   18477   -4834  -12102   22610
  -26.400  -54.400  -14.74  -32.43   19085   18457   -4855  -12127   22612
  -26.400  -54.300  -14.81  -32.50   19071   18437   -4875  -12152   22614
  -26.400  -54.200  -14.89  -32.58   19058   18418   -4896  -12177   22616
  -26.400  -54.100  -14.96  -32.65   19044   18398   -4916  -12202   22618
  -26.400  -54.000  -15.04  -32.72   19030   18379   -4937  -12228   22620
  -26.300  -58.000  -11.92  -29.86   19599   19177   -4047  -11253   22600
  -26.300  -57.900  -12.00  -29.93   19586   19158   -4072  -11274   22599
  -26.300  -57.800  -12.08  -29.99   19572   19138   -4097  -11295   22598
  -26.300  -57.700  -12.16  -30.05   19558   19119   -4121  -11317   22597
  -26.300  -57.600  -12.25  -30.12   19545   19100   -4146  -11338   22596
  -26.300  -57.500  -12.33  -30.18   19531   19081   -4171  -11360   22595
  -26.300  -57.400  -12.41  -30.25   19518   19062   -4195  -11382   22594
  -26.300  -57.300  -12.49  -30.31   19504   19042   -4219  -11404   22593
  -26.300  -57.200  -12.58  -30.38   19491   19023   -4244  -11426   22593
  -26.300  -57.100  -12.66  -30.45   19477   19004   -4268  -11448   22592
  -26.300  -57.000  -12.74  -30.51   19463   18984   -4292  -11470   22592
  -26.300  -56.900  -12.82  -30.58   19450   18965   -4316  -11493   22591
  -26.300  -56.800  -12.90  -30.64   19436   18946   -4339  -11515   22591
  -26.300  -56.700  -12.98  -30.71   19423   18926   -4363  -11538   22591
  -26.300  -56.600  -13.06  -30.78   19409   18907   -4387  -11560   22591
  -26.300  -56.500  -13.14  -30.85   19396   18888   -4410  -11583   22591
  -26.300  -56.400  -13.22  -30.91   19382   18868   -4433  -11606   22591
  -26.300  -56.300  -13.30  -30.98   19368   18849   -4456  -11629   22591
  -26.300  -56.200  -13.38  -31.05   19355   18829   -4479  -11653   22592
  -26.300  -56.100  -13.46  -31.12   19341   18810   -4502  -11676   22592
  -26.300  -56.000  -13.54  -31.19   19328   18790   -4525  -11699   22593
  -26.300  -55.900  -13.62  -31.26   19314   18771   -4548  -11723   22593
  -26.300  -55.800  -13.70  -31.33   19300   18752   -4570  -11746   22594
  -26.300  -55.700  -13.78  -31.39   19287   18732   -4593  -11770   22595
  -26.300  -55.600  -13.85  -31.46   19273   18713   -4615  -11794   22596
  -26.300  -55.500  -13.93  -31.53   19260   18693   -4637  -11818   22596
  -26.300  -55.400  -14.01  -31.60   19246   18674   -4659  -11842   22597
  -26.300  -55.300  -14.09  -31.67   19232   18654   -4681  -11866   22599
  -26.300  -55.200  -14.16  -31.75   19219   18634   -4703  -11891   22600
  -26.300  -55.100  -14.24  -31.82   19205   18615   -4724  -11915   22601
  -26.300  -55.000  -14.32  -31.89   19191   18595   -4746  -11940   22602
  -26.300  -54.900  -14.39  -31.96   19178   18576   -4767  -11964   22604
  -26.300  -54.800  -14.47  -32.03   19164   18556   -4789  -11989   22605
  -26.300  -54.700  -14.55  -32.10   19151   18537   -4810  -12014   22607
  -26.300  -54.600  -14.62  -32.17   19137   18517   -4831  -12039   22609
  -26.300  -54.500  -14.70  -32.25   19123   18497   -4852  -12064   22610
  -26.300  -54.400  -14.77  -32.32   19110   18478   -4872  -12089   22612
  -26.300  -54.300  -14.85  -32.39   19096   18458   -4893  -12114   22614
  -26.300  -54.200  -14.92  -32.46   19082   18439   -4914  -12139   22616
  -26.300  -54.100  -15.00  -32.54   19068   18419   -4934  -12164   22618
  -26.300  -54.000  -15.07  -32.61   19055   18399   -4954  -12190   22620
  -26.200  -58.000  -11.95  -29.74   19623   19198   -4065  -11211   22600
  -26.200  -57.900  -12.04  -29.80   19610   19179   -4090  -11232   22599
  -26.200  -57.800  -12.12  -29.87   19596   19159   -4115  -11253   22597
  -26.200  -57.700  -12.20  -29.93   19583   19140   -4139  -11275   22596
  -26.200  -57.600  -12.29  -30.00   19569   19121   -4164  -11296   22595
  -26.200  -57.500  -12.37  -30.06   19556   19102   -4189  -11318   22595
  -26.200  -57.400  -12.45  -30.13   19542   19082   -4213  -11340   22594
  -26.200  -57.300  -12.53  -30.19   19528   19063   -4237  -11362   22593
  -26.200  -57.200  -12.61  -30.26   19515   19044   -4262  -11384   22593
  -26.200  -57.100  -12.70  -30.32   19501   19025   -4286  -11406   22592
  -26.200  -57.000  -12.78  -30.39   19488   19005   -4310  -11429   22592
  -26.200  -56.900  -12.86  -30.46   19474   18986   -4333  -11451   22591
  -26.200  -56.800  -12.94  -30.52   19461   18967   -4357  -11474   22591
  -26.200  -56.700  -13.02  -30.59   19447   18947   -4381  -11497   22591
  -26.200  -56.600  -13.10  -30.66   19434   18928   -4404  -11520   22591
  -26.200  -56.500  -13.18  -30.73   19420   18908   -4428  -11542   22591
  -26.200  -56.400  -13.26  -30.79   19406   18889   -4451  -11566   22591
  -26.200  -56.300  -13.34  -30.86   19393   18870   -4474  -11589   22592
  -26.200  -56.200  -13.42  -30.93   19379   18850   -4497  -11612   22592
  -26.200  -56.100  -13.50  -31.00   19366   18831   -4520  -11636   22592
  -26.200  -56.000  -13.58  -31.07   19352   18811   -4543  -11659   22593
  -26.200  -55.900  -13.66  -31.14   19339   18792   -4565  -11683   22593
  -26.200  -55.800  -13.73  -31.21   19325   18772   -4588  -11706   22594
  -26.200  -55.700  -13.81  -31.28   19311   18753   -4610  -11730   22595
  -26.200  -55.600  -13.89  -31.35   19298   18733   -4633  -11754   22596
  -26.200  -55.500  -13.97  -31.42   19284   18714   -4655  -11778   22597
  -26.200  -55.400  -14.05  -31.49   19271   18694   -4677  -11803   22598
  -26.200  -55.300  -14.12  -31.56   19257   18675   -4699  -11827   22599
  -26.200  -55.200  -14.20  -31.63   19243   18655   -4720  -11851   22600
  -26.200  -55.100  -14.28  -31.70   19230   18636   -4742  -11876   22601
  -26.200  -55.000  -14.35  -31.77   19216   18616   -4764  -11900   22603
  -26.200  -54.900  -14.43  -31.84   19202   18597   -4785  -11925   22604
  -26.200  -54.800  -14.51  -31.91   19189   18577   -4806  -11950   22606
  -26.200  -54.700  -14.58  -31.98   19175   18558   -4827  -11975   22607
  -26.200  -54.600  -14.66  -32.06   19162   18538   -4848  -12000   22609
  -26.200  -54.500  -14.73  -32.13   19148   18518   -4869  -12025   22611
  -26.200  -54.400  -14.81  -32.20   19134   18499   -4890  -12050   22612
  -26.200  -54.300  -14.88  -32.27   19121   18479   -4911  -12075   22614
  -26.200  -54.200  -14.96  -32.35   19107   18460   -4931  -12101   22616
  -26.200  -54.100  -15.03  -32.42   19093   18440   -4952  -12126   22619
  -26.200  -54.000  -15.10  -32.49   19079   18420   -4972  -12152   22621
  -26.100  -58.000  -11.99  -29.61   19648   19219   -4082  -11168   22600
  -26.100  -57.900  -12.08  -29.68   19634   19200   -4107  -11189   22599
  -26.100  -57.800  -12.16  -29.74   19621   19180   -4132  -11211   22598
  -26.100  -57.700  -12.24  -29.81   19607   19161   -4157  -11232   22597
  -26.100  -57.600  -12.32  -29.87   19593   19142   -4182  -11254   22596
  -26.100  -57.500  -12.41  -29.94   19580   19123   -4206  -11276   22595
  -26.100  -57.400  -12.49  -30.00   19566   19103   -4231  -11298   22594
  -26.100  -57.300  -12.57  -30.07   19553   19084   -4255  -11320   22593
  -26.100  -57.200  -12.65  -30.13   19539   19065   -4279  -11342   22593
  -26.100  -57.100  -12.73  -30.20   19526   19046   -4303  -11365   22592
  -26.100  -57.000  -12.81  -30.27   19512   19026   -4327  -11387   22592
  -26.100  -56.900  -12.89  -30.33   19499   19007   -4351  -11410   22592
  -26.100  -56.800  -12.98  -30.40   19485   18988   -4375  -11433   22591
  -26.100  -56.700  -13.06  -30.47   19472   18968   -4399  -11456   22591
  -26.100  -56.600  -13.14  -30.54   19458   18949   -4422  -11478   22591
  -26.100  -56.500  -13.22  -30.60   19444   18929   -4446  -11502   22591
  -26.100  -56.400  -13.30  -30.67   19431   18910   -4469  -11525   22592
  -26.100  -56.300  -13.38  -30.74   19417   18891   -4492  -11548   22592
  -26.100  -56.200  -13.45  -30.81   19404   18871   -4515  -11572   22592
  -26.100  -56.100  -13.53  -30.88   19390   18852   -4538  -11595   22593
  -26.100  -56.000  -13.61  -30.95   19377   18832   -4561  -11619   22593
  -26.100  -55.900  -13.69  -31.02   19363   18813   -4583  -11642   22594
  -26.100  -55.800  -13.77  -31.09   19350   18793   -4606  -11666   22594
  -26.100  -55.700  -13.85  -31.16   19336   18774   -4628  -11690   22595
  -26.100  -55.600  -13.93  -31.23   19322   18754   -4650  -11714   22596
  -26.100  -55.500  -14.00  -31.30   19309   18735   -4673  -11739   22597
  -26.100  -55.400  -14.08  -31.37   19295   18715   -4695  -11763   22598
  -26.100  -55.300  -14.16  -31.44   19282   18696   -4716  -11787   22599
  -26.100  -55.200  -14.24  -31.51   19268   18676   -4738  -11812   22600
  -26.100  -55.100  -14.31  -31.58   19254   18657   -4760  -11836   22602
  -26.100  -55.000  -14.39  -31.65   19241   18637   -4781  -11861   22603
  -26.100  -54.900  -14.46  -31.72   19227   18618   -4803  -11886   22605
  -26.100  -54.800  -14.54  -31.80   19214   18598   -4824  -11911   22606
  -26.100  -54.700  -14.62  -31.87   19200   18579   -4845  -11936   22608
  -26.100  -54.600  -14.69  -31.94   19186   18559   -4866  -11961   22609
  -26.100  -54.500  -14.77  -32.01   19173   18539   -4887  -11986   22611
  -26.100  -54.400  -14.84  -32.09   19159   18520   -4908  -12012   22613
  -26.100  -54.300  -14.92  -32.16   19145   18500   -4928  -12037   22615
  -26.100  -54.200  -14.99  -32.23   19132   18481   -4949  -12062   22617
  -26.100  -54.100  -15.07  -32.30   19118   18461   -4969  -12088   22619
  -26.100  -54.000  -15.14  -32.38   19104   18441   -4989  -12114   22621
  -26.000  -58.000  -12.03  -29.49   19672   19240   -4100  -11125   22600
  -26.000  -57.900  -12.11  -29.55   19659   19221   -4125  -11147   22599
  -26.000  -57.800  -12.20  -29.62   19645   19202   -4150  -11168   22598
  -26.000  -57.700  -12.28  -29.68   19631   19182   -4175  -11190   22597
  -26.000  -57.600  -12.36  -29.75   19618   19163   -4200  -11212   22596
  -26.000  -57.500  -12.44  -29.81   19604   19144   -4224  -11234   22595
  -26.000  -57.400  -12.53  -29.88   19591   19125   -4249  -11256   22594
  -26.000  -57.300  -12.61  -29.95   19577   19105   -4273  -11278   22594
  -26.000  -57.200  -12.69  -30.01   19564   19086   -4297  -11301   22593
  -26.000  -57.100  -12.77  -30.08   19550   19067   -4321  -11323   22593
  -26.000  -57.000  -12.85  -30.15   19537   19047   -4345  -11346   22592
  -26.000  -56.900  -12.93  -30.21   19523   19028   -4369  -11368   22592
  -26.000  -56.800  -13.01  -30.28   19510   19009   -4393  -11391   22592
  -26.000  -56.700  -13.09  -30.35   19496   18989   -4416  -11414   22592
  -26.000  -56.600  -13.17  -30.42   19483   18970   -4440  -11437   22592
  -26.000  -56.500  -13.25  -30.48   19469   18951   -4463  -11461   22592
  -26.000  -56.400  -13.33  -30.55   19456   18931   -4487  -11484   22592
  -26.000  -56.300  -13.41  -30.62   19442   18912   -4510  -11507   22592
  -26.000  -56.200  -13.49  -30.69   19429   18892   -4533  -11531   22593
  -26.000  -56.100  -13.57  -30.76   19415   18873   -4556  -11554   22593
  -26.000  -56.000  -13.65  -30.83   19401   18854   -4578  -11578   22594
  -26.000  -55.900  -13.73  -30.90   19388   18834   -4601  -11602   22594
  -26.000  -55.800  -13.81  -30.97   19374   18815   -4623  -11626   22595
  -26.000  -55.700  -13.88  -31.04   19361   18795   -4646  -11650   22596
  -26.000  -55.600  -13.96  -31.11   19347   18776   -4668  -11674   22597
  -26.000  -55.500  -14.04  -31.18   19334   18756   -4690  -11699   22598
  -26.000  -55.400  -14.12  -31.25   19320   18737   -4712  -11723   22599
  -26.000  -55.300  -14.19  -31.32   19307   18717   -4734  -11748   22600
  -26.000  -55.200  -14.27  -31.39   19293   18698   -4756  -11772   22601
  -26.000  -55.100  -14.35  -31.46   19279   18678   -4778  -11797   22602
  -26.000  -55.000  -14.42  -31.53   19266   18659   -4799  -11822   22604
  -26.000  -54.900  -14.50  -31.61   19252   18639   -4820  -11847   22605
  -26.000  -54.800  -14.58  -31.68   19239   18619   -4842  -11872   22607
  -26.000  -54.700  -14.65  -31.75   19225   18600   -4863  -11897   22608
  -26.000  -54.600  -14.73  -31.82   19211   18580   -4884  -11922   22610
  -26.000  -54.500  -14.80  -31.90   19198   18561   -4905  -11947   22612
  -26.000  -54.400  -14.88  -31.97   19184   18541   -4925  -11973   22614
  -26.000  -54.300  -14.95  -32.04   19170   18521   -4946  -11998   22616
  -26.000  -54.200  -15.03  -32.11   19157   18502   -4966  -12024   22618
  -26.000  -54.100  -15.10  -32.19   19143   18482   -4987  -12050   22620
  -26.000  -54.000  -15.17  -32.26   19129   18463   -5007  -12076   22622
  -25.900  -58.000  -12.07  -29.36   19697   19261   -4118  -11082   22600
  -25.900  -57.900  -12.15  -29.43   19683   19242   -4143  -11104   22599
  -25.900  -57.800  -12.23  -29.49   19670   19223   -4168  -11126   22598
  -25.900  -57.700  -12.32  -29.56   19656   19204   -4193  -11148   22597
  -25.900  -57.600  -12.40  -29.62   19643   19184   -4218  -11170   22596
  -25.900  -57.500  -12.48  -29.69   19629   19165   -4242  -11192   22595
  -25.900  -57.400  -12.56  -29.76   19616   19146   -4266  -11214   22595
  -25.900  -57.300  -12.64  -29.82   19602   19127   -4291  -11236   22594
  -25.900  -57.200  -12.73  -29.89   19589   19107   -4315  -11259   22594
  -25.900  -57.100  -12.81  -29.96   19575   19088   -4339  -11281   22593
  -25.900  -57.000  -12.89  -30.02   19562   19069   -4363  -11304   22593
  -25.900  -56.900  -12.97  -30.09   19548   19049   -4387  -11327   22593
  -25.900  -56.800  -13.05  -30.16   19535   19030   -4411  -11350   22592
  -25.900  -56.700  -13.13  -30.22   19521   19011   -4434  -11373   22592
  -25.900  -56.600  -13.21  -30.29   19507   18991   -4458  -11396   22592
  -25.900  -56.500  -13.29  -30.36   19494   18972   -4481  -11419   22592
  -25.900  -56.400  -13.37  -30.43   19480   18953   -4504  -11443   22593
  -25.900  -56.300  -13.45  -30.50   19467   18933   -4527  -11466   22593
  -25.900  -56.200  -13.53  -30.57   19453   18914   -4550  -11490   22593
  -25.900  -56.100  -13.61  -30.64   19440   18894   -4573  -11514   22594
  -25.900  -56.000  -13.69  -30.71   19426   18875   -4596  -11538   22594
  -25.900  -55.900  -13.76  -30.78   19413   18855   -4619  -11562   22595
  -25.900  -55.800  -13.84  -30.85   19399   18836   -4641  -11586   22596
  -25.900  -55.700  -13.92  -30.92   19386   18816   -4664  -11610   22596
  -25.900  -55.600  -14.00  -30.99   19372   18797   -4686  -11634   22597
  -25.900  -55.500  -14.08  -31.06   19359   18777   -4708  -11659   22598
  -25.900  -55.400  -14.15  -31.13   19345   18758   -4730  -11683   22599
  -25.900  -55.300  -14.23  -31.20   19332   18738   -4752  -11708   22601
  -25.900  -55.200  -14.31  -31.27   19318   18719   -4774  -11733   22602
  -25.900  -55.100  -14.38  -31.34   19304   18699   -4795  -11757   22603
  -25.900  -55.000  -14.46  -31.42   19291   18680   -4817  -11782   22604
  -25.900  -54.900  -14.54  -31.49   19277   18660   -4838  -11807   22606
  -25.900  -54.800  -14.61  -31.56   19264   18641   -4859  -11833   22607
  -25.900  -54.700  -14.69  -31.63   19250   18621   -4880  -11858   22609
  -25.900  -54.600  -14.76  -31.71   19236   18602   -4901  -11883   22611
  -25.900  -54.500  -14.84  -31.78   19223   18582   -4922  -11909   22613
  -25.900  -54.400  -14.91  -31.85   19209   18562   -4943  -11934   22615
  -25.900  -54.300  -14.99  -31.92   19196   18543   -4964  -11960   22616
  -25.900  -54.200  -15.06  -32.00   19182   18523   -4984  -11985   22619
  -25.900  -54.100  -15.13  -32.07   19168   18503   -5004  -12011   22621
  -25.900  -54.000  -15.21  -32.15   19155   18484   -5025  -12037   22623
  -25.800  -58.000  -12.11  -29.24   19721   19283   -4136  -11039   22601
  -25.800  -57.900  -12.19  -29.30   19708   19264   -4161  -11061   22600
  -25.800  -57.800  -12.27  -29.37   19694   19244   -4186  -11083   22599
  -25.800  -57.700  -12.35  -29.43   19681   19225   -4211  -11105   22598
  -25.800  -57.600  -12.44  -29.50   19667   19206   -4235  -11127   22597
  -25.800  -57.500  -12.52  -29.57   19654   19187   -4260  -11149   22596
  -25.800  -57.400  -12.60  -29.63   19640   19167   -4284  -11172   22595
  -25.800  -57.300  -12.68  -29.70   19627   19148   -4309  -11194   22595
  -25.800  -57.200  -12.76  -29.76   19613   19129   -4333  -11217   22594
  -25.800  -57.100  -12.84  -29.83   19600   19109   -4357  -11239   22594
  -25.800  -57.000  -12.92  -29.90   19586   19090   -4381  -11262   22593
  -25.800  -56.900  -13.01  -29.97   19573   19071   -4405  -11285   22593
  -25.800  -56.800  -13.09  -30.03   19559   19051   -4428  -11308   22593
  -25.800  -56.700  -13.17  -30.10   19546   19032   -4452  -11331   22593
  -25.800  -56.600  -13.25  -30.17   19532   19013   -4475  -11355   22593
  -25.800  -56.500  -13.33  -30.24   19519   18993   -4499  -11378   22593
  -25.800  -56.400  -13.41  -30.31   19505   18974   -4522  -11402   22593
  -25.800  -56.300  -13.48  -30.38   19492   18955   -4545  -11425   22594
  -25.800  -56.200  -13.56  -30.45   19478   18935   -4568  -11449   22594
  -25.800  -56.100  -13.64  -30.52   19465   18916   -4591  -11473   22594
  -25.800  -56.000  -13.72  -30.59   19451   18896   -4614  -11497   22595
  -25.800  -55.900  -13.80  -30.66   19438   18877   -4636  -11521   22596
  -25.800  -55.800  -13.88  -30.73   19424   18857   -4659  -11545   22596
  -25.800  -55.700  -13.96  -30.80   19411   18838   -4681  -11570   22597
  -25.800  -55.600  -14.03  -30.87   19397   18818   -4703  -11594   22598
  -25.800  -55.500  -14.11  -30.94   19384   18799   -4726  -11619   22599
  -25.800  -55.400  -14.19  -31.01   19370   18779   -4748  -11643   22600
  -25.800  -55.300  -14.26  -31.08   19357   18760   -4769  -11668   22601
  -25.800  -55.200  -14.34  -31.15   19343   18740   -4791  -11693   22603
  -25.800  -55.100  -14.42  -31.22   19330   18721   -4813  -11718   22604
  -25.800  -55.000  -14.49  -31.30   19316   18701   -4834  -11743   22605
  -25.800  -54.900  -14.57  -31.37   19302   18682   -4856  -11768   22607
  -25.800  -54.800  -14.65  -31.44   19289   18662   -4877  -11793   22608
  -25.800  -54.700  -14.72  -31.51   19275   18643   -4898  -11819   22610
  -25.800  -54.600  -14.80  -31.59   19262   18623   -4919  -11844   22612
  -25.800  -54.500  -14.87  -31.66   19248   18603   -4940  -11870   22614
  -25.800  -54.400  -14.95  -31.73   19234   18584   -4961  -11895   22615
  -25.800  -54.300  -15.02  -31.81   19221   18564   -4981  -11921   22617
  -25.800  -54.200  -15.09  -31.88   19207   18545   -5002  -11947   22619
  -25.800  -54.100  -15.17  -31.96   19194   18525   -5022  -11973   22622
  -25.800  -54.000  -15.24  -32.03   19180   18505   -5042  -11999   22624
  -25.700  -58.000  -12.14  -29.11   19746   19304   -4154  -10996   22602
  -25.700  -57.900  -12.23  -29.18   19733   19285   -4179  -11018   22600
  -25.700  -57.800  -12.31  -29.24   19719   19266   -4204  -11040   22599
  -25.700  -57.700  -12.39  -29.31   19706   19247   -4228  -11062   22598
  -25.700  -57.600  -12.47  -29.37   19692   19227   -4253  -11084   22597
  -25.700  -57.500  -12.55  -29.44   19679   19208   -4278  -11107   22597
  -25.700  -57.400  -12.64  -29.51   19665   19189   -4302  -11129   22596
  -25.700  -57.300  -12.72  -29.57   19652   19170   -4326  -11152   22595
  -25.700  -57.200  -12.80  -29.64   19638   19150   -4351  -11174   22595
  -25.700  -57.100  -12.88  -29.71   19625   19131   -4375  -11197   22595
  -25.700  -57.000  -12.96  -29.77   19611   19112   -4399  -11220   22594
  -25.700  -56.900  -13.04  -29.84   19598   19092   -4422  -11243   22594
  -25.700  -56.800  -13.12  -29.91   19584   19073   -4446  -11266   22594
  -25.700  -56.700  -13.20  -29.98   19571   19054   -4470  -11290   22594
  -25.700  -56.600  -13.28  -30.05   19557   19034   -4493  -11313   22594
  -25.700  -56.500  -13.36  -30.12   19544   19015   -4517  -11337   22594
  -25.700  -56.400  -13.44  -30.19   19531   18996   -4540  -11360   22594
  -25.700  -56.300  -13.52  -30.25   19517   18976   -4563  -11384   22594
  -25.700  -56.200  -13.60  -30.32   19504   18957   -4586  -11408   22595
  -25.700  -56.100  -13.68  -30.39   19490   18937   -4609  -11432   22595
  -25.700  -56.000  -13.76  -30.46   19477   18918   -4631  -11456   22596
  -25.700  -55.900  -13.83  -30.53   19463   18898   -4654  -11480   22597
  -25.700  -55.800  -13.91  -30.60   19450   18879   -4677  -11505   22597
  -25.700  -55.700  -13.99  -30.68   19436   18859   -4699  -11529   22598
  -25.700  -55.600  -14.07  -30.75   19423   18840   -4721  -11554   22599
  -25.700  -55.500  -14.15  -30.82   19409   18820   -4743  -11578   22600
  -25.700  -55.400  -14.22  -30.89   19395   18801   -4765  -11603   22601
  -25.700  -55.300  -14.30  -30.96   19382   18781   -4787  -11628   22602
  -25.700  -55.200  -14.38  -31.03   19368   18762   -4809  -11653   22604
  -25.700  -55.100  -14.45  -31.10   19355   18742   -4830  -11678   22605
  -25.700  -55.000  -14.53  -31.18   19341   18723   -4852  -11703   22606
  -25.700  -54.900  -14.60  -31.25   19328   18703   -4873  -11728   22608
  -25.700  -54.800  -14.68  -31.32   19314   18684   -4895  -11754   22609
  -25.700  -54.700  -14.76  -31.40   19301   18664   -4916  -11779   22611
  -25.700  -54.600  -14.83  -31.47   19287   18645   -4937  -11805   22613
  -25.700  -54.500  -14.91  -31.54   19273   18625   -4957  -11830   22615
  -25.700  -54.400  -14.98  -31.62   19260   18605   -4978  -11856   22617
  -25.700  -54.300  -15.05  -31.69   19246   18586   -4999  -11882   22619
  -25.700  -54.200  -15.13  -31.76   19233   18566   -5019  -11908   22621
  -25.700  -54.100  -15.20  -31.84   19219   18547   -5040  -11934   22623
  -25.700  -54.000  -15.28  -31.91   19205   18527   -5060  -11960   22625
  -25.600  -58.000  -12.18  -28.99   19771   19326   -4172  -10953   22602
  -25.600  -57.900  -12.26  -29.05   19758   19307   -4197  -10975   22601
  -25.600  -57.800  -12.35  -29.12   19744   19288   -4221  -10997   22600
  -25.600  -57.700  -12.43  -29.18   19731   19268   -4246  -11019   22599
  -25.600  -57.600  -12.51  -29.25   19717   19249   -4271  -11042   22598
  -25.600  -57.500  -12.59  -29.32   19704   19230   -4295  -11064   22598
  -25.600  -57.400  -12.67  -29.38   19690   19211   -4320  -11087   22597
  -25.600  -57.300  -12.75  -29.45   19677   19191   -4344  -11109   22596
  -25.600  -57.200  -12.84  -29.52   19663   19172   -4368  -11132   22596
  -25.600  -57.100  -12.92  -29.58   19650   19153   -4392  -11155   22595
  -25.600  -57.000  -13.00  -29.65   19636   19133   -4416  -11178   22595
  -25.600  -56.900  -13.08  -29.72   19623   19114   -4440  -11201   22595
  -25.600  -56.800  -13.16  -29.79   19610   19095   -4464  -11225   22595
  -25.600  -56.700  -13.24  -29.86   19596   19075   -4487  -11248   22595
  -25.600  -56.600  -13.32  -29.92   19583   19056   -4511  -11271   22595
  -25.600  -56.500  -13.40  -29.99   19569   19037   -4534  -11295   22595
  -25.600  -56.400  -13.48  -30.06   19556   19017   -4557  -11319   22595
  -25.600  -56.300  -13.56  -30.13   19542   18998   -4581  -11343   22596
  -25.600  -56.200  -13.63  -30.20   19529   18978   -4604  -11367   22596
  -25.600  -56.100  -13.71  -30.27   19515   18959   -4626  -11391   22596
  -25.600  -56.000  -13.79  -30.34   19502   18940   -4649  -11415   22597
  -25.600  -55.900  -13.87  -30.41   19488   18920   -4672  -11439   22598
  -25.600  -55.800  -13.95  -30.48   19475   18901   -4694  -11464   22598
  -25.600  -55.700  -14.03  -30.55   19461   18881   -4717  -11488   22599
  -25.600  -55.600  -14.10  -30.63   19448   18862   -4739  -11513   22600
  -25.600  -55.500  -14.18  -30.70   19434   18842   -4761  -11538   22601
  -25.600  -55.400  -14.26  -30.77   19421   18823   -4783  -11563   22602
  -25.600  -55.300  -14.33  -30.84   19407   18803   -4805  -11588   22603
  -25.600  -55.200  -14.41  -30.91   19394   18784   -4827  -11613   22605
  -25.600  -55.100  -14.49  -30.98   19380   18764   -4848  -11638   22606
  -25.600  -55.000  -14.56  -31.06   19367   18745   -4870  -11663   22608
  -25.600  -54.900  -14.64  -31.13   19353   18725   -4891  -11689   22609
  -25.600  -54.800  -14.71  -31.20   19340   18705   -4912  -11714   22611
  -25.600  -54.700  -14.79  -31.28   19326   18686   -4933  -11740   22612
  -25.600  -54.600  -14.86  -31.35   19313   18666   -4954  -11765   22614
  -25.600  -54.500  -14.94  -31.42   19299   18647   -4975  -11791   22616
  -25.600  -54.400  -15.01  -31.50   19285   18627   -4996  -11817   22618
  -25.600  -54.300  -15.09  -31.57   19272   18607   -5016  -11843   22620
  -25.600  -54.200  -15.16  -31.65   19258   18588   -5037  -11869   22622
  -25.600  -54.100  -15.24  -31.72   19245   18568   -5057  -11895   22624
  -25.600  -54.000  -15.31  -31.79   19231   18549   -5077  -11921   22626
  -25.500  -58.000  -12.22  -28.86   19796   19348   -4189  -10910   22603
  -25.500  -57.900  -12.30  -28.92   19783   19329   -4214  -10932   22602
  -25.500  -57.800  -12.38  -28.99   19769   19309   -4239  -10954   22601
  -25.500  -57.700  -12.46  -29.06   19756   19290   -4264  -10976   22600
  -25.500  -57.600  -12.55  -29.12   19742   19271   -4289  -10999   22599
  -25.500  -57.500  -12.63  -29.19   19729   19252   -4313  -11021   22599
  -25.500  -57.400  -12.71  -29.26   19715   19232   -4338  -11044   22598
  -25.500  -57.300  -12.79  -29.32   19702   19213   -4362  -11067   22597
  -25.500  -57.200  -12.87  -29.39   19689   19194   -4386  -11090   22597
  -25.500  -57.100  -12.95  -29.46   19675   19175   -4410  -11113   22597
  -25.500  -57.000  -13.03  -29.53   19662   19155   -4434  -11136   22596
  -25.500  -56.900  -13.11  -29.59   19648   19136   -4458  -11159   22596
  -25.500  -56.800  -13.19  -29.66   19635   19117   -4482  -11182   22596
  -25.500  -56.700  -13.27  -29.73   19621   19097   -4505  -11206   22596
  -25.500  -56.600  -13.35  -29.80   19608   19078   -4529  -11230   22596
  -25.500  -56.500  -13.43  -29.87   19595   19058   -4552  -11253   22596
  -25.500  -56.400  -13.51  -29.94   19581   19039   -4575  -11277   22596
  -25.500  -56.300  -13.59  -30.01   19568   19020   -4598  -11301   22597
  -25.500  -56.200  -13.67  -30.08   19554   19000   -4621  -11325   22597
  -25.500  -56.100  -13.75  -30.15   19541   18981   -4644  -11350   22598
  -25.500  -56.000  -13.83  -30.22   19527   18961   -4667  -11374   22598
  -25.500  -55.900  -13.91  -30.29   19514   18942   -4689  -11398   22599
  -25.500  -55.800  -13.98  -30.36   19500   18922   -4712  -11423   22600
  -25.500  -55.700  -14.06  -30.43   19487   18903   -4734  -11448   22601
  -25.500  -55.600  -14.14  -30.50   19473   18884   -4756  -11472   22601
  -25.500  -55.500  -14.21  -30.58   19460   18864   -4779  -11497   22602
  -25.500  -55.400  -14.29  -30.65   19446   18845   -4801  -11522   22604
  -25.500  -55.300  -14.37  -30.72   19433   18825   -4822  -11547   22605
  -25.500  -55.200  -14.44  -30.79   19419   18805   -4844  -11572   22606
  -25.500  -55.100  -14.52  -30.86   19406   18786   -4866  -11598   22607
  -25.500  -55.000  -14.60  -30.94   19392   18766   -4887  -11623   22609
  -25.500  -54.900  -14.67  -31.01   19379   18747   -4909  -11649   22610
  -25.500  -54.800  -14.75  -31.08   19365   18727   -4930  -11674   22612
  -25.500  -54.700  -14.82  -31.16   19352   18708   -4951  -11700   22614
  -25.500  -54.600  -14.90  -31.23   19338   18688   -4972  -11726   22615
  -25.500  -54.500  -14.97  -31.30   19325   18669   -4993  -11752   22617
  -25.500  -54.400  -15.05  -31.38   19311   18649   -5013  -11778   22619
  -25.500  -54.300  -15.12  -31.45   19297   18629   -5034  -11804   22621
  -25.500  -54.200  -15.19  -31.53   19284   18610   -5054  -11830   22623
  -25.500  -54.100  -15.27  -31.60   19270   18590   -5075  -11856   22625
  -25.500  -54.000  -15.34  -31.68   19257   18570   -5095  -11882   22628
  -25.400  -58.000  -12.25  -28.73   19821   19370   -4207  -10866   22604
  -25.400  -57.900  -12.34  -28.80   19808   19350   -4232  -10888   22603
  -25.400  -57.800  -12.42  -28.86   19794   19331   -4257  -10911   22602
  -25.400  -57.700  -12.50  -28.93   19781   19312   -4282  -10933   22601
  -25.400  -57.600  -12.58  -29.00   19768   19293   -4306  -10956   22600
  -25.400  -57.500  -12.66  -29.06   19754   19274   -4331  -10978   22600
  -25.400  -57.400  -12.75  -29.13   19741   19254   -4355  -11001   22599
  -25.400  -57.300  -12.83  -29.20   19727   19235   -4380  -11024   22599
  -25.400  -57.200  -12.91  -29.26   19714   19216   -4404  -11047   22598
  -25.400  -57.100  -12.99  -29.33   19700   19196   -4428  -11070   22598
  -25.400  -57.000  -13.07  -29.40   19687   19177   -4452  -11093   22597
  -25.400  -56.900  -13.15  -29.47   19674   19158   -4476  -11117   22597
  -25.400  -56.800  -13.23  -29.54   19660   19138   -4499  -11140   22597
  -25.400  -56.700  -13.31  -29.61   19647   19119   -4523  -11164   22597
  -25.400  -56.600  -13.39  -29.68   19633   19100   -4546  -11188   22597
  -25.400  -56.500  -13.47  -29.75   19620   19080   -4570  -11212   22597
  -25.400  -56.400  -13.55  -29.82   19607   19061   -4593  -11236   22598
  -25.400  -56.300  -13.63  -29.88   19593   19042   -4616  -11260   22598
  -25.400  -56.200  -13.71  -29.96   19580   19022   -4639  -11284   22598
  -25.400  -56.100  -13.78  -30.03   19566   19003   -4662  -11308   22599
  -25.400  -56.000  -13.86  -30.10   19553   18983   -4684  -11333   22600
  -25.400  -55.900  -13.94  -30.17   19539   18964   -4707  -11357   22600
  -25.400  -55.800  -14.02  -30.24   19526   18944   -4730  -11382   22601
  -25.400  -55.700  -14.10  -30.31   19512   18925   -4752  -11407   22602
  -25.400  -55.600  -14.17  -30.38   19499   18905   -4774  -11432   22603
  -25.400  -55.500  -14.25  -30.45   19485   18886   -4796  -11457   22604
  -25.400  -55.400  -14.33  -30.53   19472   18866   -4818  -11482   22605
  -25.400  -55.300  -14.40  -30.60   19459   18847   -4840  -11507   22606
  -25.400  -55.200  -14.48  -30.67   19445   18827   -4862  -11532   22607
  -25.400  -55.100  -14.55  -30.74   19432   18808   -4883  -11558   22609
  -25.400  -55.000  -14.63  -30.82   19418   18788   -4905  -11583   22610
  -25.400  -54.900  -14.71  -30.89   19405   18769   -4926  -11609   22612
  -25.400  -54.800  -14.78  -30.96   19391   18749   -4947  -11634   22613
  -25.400  -54.700  -14.86  -31.04   19377   18730   -4968  -11660   22615
  -25.400  -54.600  -14.93  -31.11   19364   18710   -4989  -11686   22617
  -25.400  -54.500  -15.01  -31.18   19350   18691   -5010  -11712   22619
  -25.400  -54.400  -15.08  -31.26   19337   18671   -5031  -11738   22621
  -25.400  -54.300  -15.15  -31.33   19323   18651   -5051  -11764   22623
  -25.400  -54.200  -15.23  -31.41   19310   18632   -5072  -11791   22625
  -25.400  -54.100  -15.30  -31.48   19296   18612   -5092  -11817   22627
  -25.400  -54.000  -15.37  -31.56   19283   18592   -5112  -11843   22629
  -25.300  -58.000  -12.29  -28.60   19847   19392   -4225  -10823   22606
  -25.300  -57.900  -12.37  -28.67   19833   19372   -4250  -10845   22605
  -25.300  -57.800  -12.46  -28.74   19820   19353   -4275  -10867   22604
  -25.300  -57.700  -12.54  -28.80   19806   19334   -4299  -10890   22603
  -25.300  -57.600  -12.62  -28.87   19793   19315   -4324  -10912   22602
  -25.300  -57.500  -12.70  -28.94   19780   19296   -4349  -10935   22601
  -25.300  -57.400  -12.78  -29.00   19766   19276   -4373  -10958   22600
  -25.300  -57.300  -12.86  -29.07   19753   19257   -4397  -10981   22600
  -25.300  -57.200  -12.94  -29.14   19739   19238   -4421  -11004   22599
  -25.300  -57.100  -13.02  -29.21   19726   19219   -4446  -11028   22599
  -25.300  -57.000  -13.10  -29.28   19713   19199   -4469  -11051   22599
  -25.300  -56.900  -13.18  -29.34   19699   19180   -4493  -11074   22599
  -25.300  -56.800  -13.26  -29.41   19686   19161   -4517  -11098   22599
  -25.300  -56.700  -13.34  -29.48   19672   19141   -4541  -11122   22599
  -25.300  -56.600  -13.42  -29.55   19659   19122   -4564  -11146   22599
  -25.300  -56.500  -13.50  -29.62   19646   19102   -4587  -11170   22599
  -25.300  -56.400  -13.58  -29.69   19632   19083   -4611  -11194   22599
  -25.300  -56.300  -13.66  -29.76   19619   19064   -4634  -11218   22599
  -25.300  -56.200  -13.74  -29.83   19605   19044   -4657  -11242   22600
  -25.300  -56.100  -13.82  -29.90   19592   19025   -4679  -11267   22600
  -25.300  -56.000  -13.90  -29.97   19578   19005   -4702  -11291   22601
  -25.300  -55.900  -13.97  -30.04   19565   18986   -4725  -11316   22602
  -25.300  -55.800  -14.05  -30.12   19552   18967   -4747  -11341   22603
  -25.300  -55.700  -14.13  -30.19   19538   18947   -4769  -11366   22603
  -25.300  -55.600  -14.21  -30.26   19525   18928   -4792  -11391   22604
  -25.300  -55.500  -14.28  -30.33   19511   18908   -4814  -11416   22605
  -25.300  -55.400  -14.36  -30.40   19498   18889   -4836  -11441   22607
  -25.300  -55.300  -14.44  -30.48   19484   18869   -4858  -11466   22608
  -25.300  -55.200  -14.51  -30.55   19471   18850   -4879  -11492   22609
  -25.300  -55.100  -14.59  -30.62   19457   18830   -4901  -11517   22610
  -25.300  -55.000  -14.66  -30.70   19444   18810   -4922  -11543   22612
  -25.300  -54.900  -14.74  -30.77   19430   18791   -4944  -11568   22613
  -25.300  -54.800  -14.81  -30.84   19417   18771   -4965  -11594   22615
  -25.300  -54.700  -14.89  -30.92   19403   18752   -4986  -11620   22617
  -25.300  -54.600  -14.96  -30.99   19390   18732   -5007  -11646   22619
  -25.300  -54.500  -15.04  -31.06   19376   18713   -5028  -11672   22620
  -25.300  -54.400  -15.11  -31.14   19363   18693   -5048  -11699   22622
  -25.300  -54.300  -15.19  -31.21   19349   18673   -5069  -11725   22624
  -25.300  -54.200  -15.26  -31.29   19336   18654   -5089  -11751   22627
  -25.300  -54.100  -15.33  -31.36   19322   18634   -5110  -11778   22629
  -25.300  -54.000  -15.41  -31.44   19309   18615   -5130  -11804   22631
  -25.200  -58.000  -12.33  -28.48   19872   19414   -4243  -10779   22607
  -25.200  -57.900  -12.41  -28.54   19859   19395   -4267  -10801   22606
  -25.200  -57.800  -12.49  -28.61   19845   19375   -4292  -10824   22605
  -25.200  -57.700  -12.57  -28.67   19832   19356   -4317  -10846   22604
  -25.200  -57.600  -12.65  -28.74   19818   19337   -4342  -10869   22603
  -25.200  -57.500  -12.74  -28.81   19805   19318   -4366  -10892   22603
  -25.200  -57.400  -12.82  -28.88   19792   19299   -4391  -10915   22602
  -25.200  -57.300  -12.90  -28.94   19778   19279   -4415  -10938   22601
  -25.200  -57.200  -12.98  -29.01   19765   19260   -4439  -10961   22601
  -25.200  -57.100  -13.06  -29.08   19752   19241   -4463  -10985   22601
  -25.200  -57.000  -13.14  -29.15   19738   19221   -4487  -11008   22600
  -25.200  -56.900  -13.22  -29.22   19725   19202   -4511  -11032   22600
  -25.200  -56.800  -13.30  -29.29   19711   19183   -4535  -11056   22600
  -25.200  -56.700  -13.38  -29.36   19698   19163   -4558  -11079   22600
  -25.200  -56.600  -13.46  -29.43   19685   19144   -4582  -11103   22600
  -25.200  -56.500  -13.54  -29.50   19671   19125   -4605  -11128   22600
  -25.200  -56.400  -13.62  -29.57   19658   19105   -4628  -11152   22601
  -25.200  -56.300  -13.70  -29.64   19644   19086   -4651  -11176   22601
  -25.200  -56.200  -13.77  -29.71   19631   19066   -4674  -11201   22602
  -25.200  -56.100  -13.85  -29.78   19618   19047   -4697  -11225   22602
  -25.200  -56.000  -13.93  -29.85   19604   19028   -4720  -11250   22603
  -25.200  -55.900  -14.01  -29.92   19591   19008   -4742  -11275   22603
  -25.200  -55.800  -14.09  -29.99   19577   18989   -4765  -11299   22604
  -25.200  -55.700  -14.16  -30.06   19564   18969   -4787  -11324   22605
  -25.200  -55.600  -14.24  -30.14   19551   18950   -4809  -11350   22606
  -25.200  -55.500  -14.32  -30.21   19537   18930   -4831  -11375   22607
  -25.200  -55.400  -14.39  -30.28   19524   18911   -4853  -11400   22608
  -25.200  -55.300  -14.47  -30.35   19510   18891   -4875  -11425   22609
  -25.200  -55.200  -14.55  -30.43   19497   18872   -4897  -11451   22611
  -25.200  -55.100  -14.62  -30.50   19483   18852   -4918  -11477   22612
  -25.200  -55.000  -14.70  -30.57   19470   18833   -4940  -11502   22614
  -25.200  -54.900  -14.77  -30.65   19456   18813   -4961  -11528   22615
  -25.200  -54.800  -14.85  -30.72   19443   18794   -4982  -11554   22617
  -25.200  -54.700  -14.92  -30.80   19429   18774   -5003  -11580   22619
  -25.200  -54.600  -15.00  -30.87   19416   18754   -5024  -11606   22620
  -25.200  -54.500  -15.07  -30.94   19402   18735   -5045  -11632   22622
  -25.200  -54.400  -15.15  -31.02   19389   18715   -5066  -11659   22624
  -25.200  -54.300  -15.22  -31.09   19375   18696   -5086  -11685   22626
  -25.200  -54.200  -15.29  -31.17   19362   18676   -5107  -11712   22628
  -25.200  -54.100  -15.37  -31.24   19348   18656   -5127  -11738   22631
  -25.200  -54.000  -15.44  -31.32   19335   18637   -5147  -11765   22633
  -25.100  -58.000  -12.36  -28.35   19898   19436   -4260  -10735   22609
  -25.100  -57.900  -12.45  -28.41   19884   19417   -4285  -10757   22608
  -25.100  -57.800  -12.53  -28.48   19871   19398   -4310  -10780   22607
  -25.100  -57.700  -12.61  -28.55   19857   19379   -4335  -10803   22606
  -25.100  -57.600  -12.69  -28.61   19844   19359   -4359  -10826   22605
  -25.100  -57.500  -12.77  -28.68   19831   19340   -4384  -10849   22604
  -25.100  -57.400  -12.85  -28.75   19817   19321   -4408  -10872   22604
  -25.100  -57.300  -12.93  -28.82   19804   19302   -4433  -10895   22603
  -25.100  -57.200  -13.01  -28.89   19791   19282   -4457  -10918   22603
  -25.100  -57.100  -13.09  -28.95   19777   19263   -4481  -10942   22602
  -25.100  -57.000  -13.18  -29.02   19764   19244   -4505  -10965   22602
  -25.100  -56.900  -13.26  -29.09   19751   19224   -4529  -10989   22602
  -25.100  -56.800  -13.33  -29.16   19737   19205   -4552  -11013   22602
  -25.100  -56.700  -13.41  -29.23   19724   19186   -4576  -11037   22602
  -25.100  -56.600  -13.49  -29.30   19710   19166   -4599  -11061   22602
  -25.100  -56.500  -13.57  -29.37   19697   19147   -4623  -11085   22602
  -25.100  -56.400  -13.65  -29.44   19684   19128   -4646  -11110   22602
  -25.100  -56.300  -13.73  -29.51   19670   19108   -4669  -11134   22603
  -25.100  -56.200  -13.81  -29.58   19657   19089   -4692  -11159   22603
  -25.100  -56.100  -13.89  -29.65   19644   19069   -4715  -11183   22604
  -25.100  -56.000  -13.96  -29.72   19630   19050   -4737  -11208   22605
  -25.100  -55.900  -14.04  -29.80   19617   19030   -4760  -11233   22605
  -25.100  -55.800  -14.12  -29.87   19603   19011   -4782  -11258   22606
  -25.100  -55.700  -14.20  -29.94   19590   18992   -4805  -11283   22607
  -25.100  -55.600  -14.27  -30.01   19577   18972   -4827  -11308   22608
  -25.100  -55.500  -14.35  -30.09   19563   18953   -4849  -11334   22609
  -25.100  -55.400  -14.43  -30.16   19550   18933   -4871  -11359   22610
  -25.100  -55.300  -14.50  -30.23   19536   18914   -4893  -11385   22611
  -25.100  -55.200  -14.58  -30.30   19523   18894   -4914  -11410   22613
  -25.100  -55.100  -14.66  -30.38   19509   18875   -4936  -11436   22614
  -25.100  -55.000  -14.73  -30.45   19496   18855   -4957  -11462   22616
  -25.100  -54.900  -14.81  -30.53   19482   18836   -4979  -11488   22617
  -25.100  -54.800  -14.88  -30.60   19469   18816   -5000  -11514   22619
  -25.100  -54.700  -14.96  -30.67   19455   18796   -5021  -11540   22620
  -25.100  -54.600  -15.03  -30.75   19442   18777   -5042  -11566   22622
  -25.100  -54.500  -15.10  -30.82   19428   18757   -5063  -11593   22624
  -25.100  -54.400  -15.18  -30.90   19415   18738   -5083  -11619   22626
  -25.100  -54.300  -15.25  -30.97   19401   18718   -5104  -11645   22628
  -25.100  -54.200  -15.33  -31.05   19388   18698   -5124  -11672   22630
  -25.100  -54.100  -15.40  -31.12   19374   18679   -5145  -11699   22632
  -25.100  -54.000  -15.47  -31.20   19361   18659   -5165  -11726   22635
  -25.000  -58.000  -12.40  -28.22   19923   19458   -4278  -10691   22610
  -25.000  -57.900  -12.48  -28.28   19910   19439   -4303  -10713   22609
  -25.000  -57.800  -12.56  -28.35   19896   19420   -4328  -10736   22608
  -25.000  -57.700  -12.64  -28.42   19883   19401   -4352  -10759   22607
  -25.000  -57.600  -12.73  -28.49   19870   19382   -4377  -10782   22607
  -25.000  -57.500  -12.81  -28.55   19856   19362   -4402  -10805   22606
  -25.000  -57.400  -12.89  -28.62   19843   19343   -4426  -10828   22605
  -25.000  -57.300  -12.97  -28.69   19830   19324   -4450  -10852   22605
  -25.000  -57.200  -13.05  -28.76   19816   19305   -4474  -10875   22604
  -25.000  -57.100  -13.13  -28.83   19803   19285   -4498  -10899   22604
  -25.000  -57.000  -13.21  -28.90   19790   19266   -4522  -10923   22604
  -25.000  -56.900  -13.29  -28.96   19776   19247   -4546  -10946   22604
  -25.000  -56.800  -13.37  -29.03   19763   19227   -4570  -10970   22604
  -25.000  -56.700  -13.45  -29.10   19750   19208   -4593  -10994   22604
  -25.000  -56.600  -13.53  -29.17   19736   19189   -4617  -11019   22604
  -25.000  -56.500  -13.61  -29.24   19723   19169   -4640  -11043   22604
  -25.000  -56.400  -13.69  -29.32   19710   19150   -4663  -11067   22604
  -25.000  -56.300  -13.76  -29.39   19696   19131   -4686  -11092   22605
  -25.000  -56.200  -13.84  -29.46   19683   19111   -4709  -11117   22605
  -25.000  -56.100  -13.92  -29.53   19670   19092   -4732  -11141   22606
  -25.000  -56.000  -14.00  -29.60   19656   19072   -4755  -11166   22606
  -25.000  -55.900  -14.08  -29.67   19643   19053   -4777  -11191   22607
  -25.000  -55.800  -14.15  -29.74   19629   19034   -4800  -11216   22608
  -25.000  -55.700  -14.23  -29.82   19616   19014   -4822  -11242   22609
  -25.000  -55.600  -14.31  -29.89   19603   18995   -4844  -11267   22610
  -25.000  -55.500  -14.38  -29.96   19589   18975   -4866  -11292   22611
  -25.000  -55.400  -14.46  -30.03   19576   18956   -4888  -11318   22612
  -25.000  -55.300  -14.54  -30.11   19562   18936   -4910  -11344   22613
  -25.000  -55.200  -14.61  -30.18   19549   18917   -4932  -11369   22615
  -25.000  -55.100  -14.69  -30.26   19536   18897   -4953  -11395   22616
  -25.000  -55.000  -14.76  -30.33   19522   18878   -4975  -11421   22618
  -25.000  -54.900  -14.84  -30.40   19509   18858   -4996  -11447   22619
  -25.000  -54.800  -14.91  -30.48   19495   18838   -5017  -11473   22621
  -25.000  -54.700  -14.99  -30.55   19482   18819   -5038  -11500   22623
  -25.000  -54.600  -15.06  -30.63   19468   18799   -5059  -11526   22624
  -25.000  -54.500  -15.14  -30.70   19455   18780   -5080  -11552   22626
  -25.000  -54.400  -15.21  -30.78   19441   18760   -5101  -11579   22628
  -25.000  -54.300  -15.28  -30.85   19428   18741   -5121  -11606   22630
  -25.000  -54.200  -15.36  -30.93   19414   18721   -5142  -11632   22632
  -25.000  -54.100  -15.43  -31.00   19401   18701   -5162  -11659   22635
  -25.000  -54.000  -15.50  -31.08   19387   18682   -5182  -11686   22637
