Estacao;Data;Hora;PrecipitacaoTotal;
83781;31/01/1961;0000;254.3;
83781;28/02/1961;0000;335;
83781;31/03/1961;0000;147.9;
83781;30/04/1961;0000;78.2;
83781;31/05/1961;0000;64.8;
83781;30/06/1961;0000;30.5;
83781;31/07/1961;0000;0.4;
83781;31/08/1961;0000;13.8;
83781;30/09/1961;0000;4;
83781;31/10/1961;0000;178.8;
83781;30/11/1961;0000;124.7;
83781;31/12/1961;0000;186.6;
83781;31/01/1962;0000;109.8;
83781;28/02/1962;0000;205.3;
83781;31/03/1962;0000;245.2;
83781;30/04/1962;0000;61.5;
83781;31/05/1962;0000;17.3;
83781;30/06/1962;0000;11.9;
83781;31/07/1962;0000;34.8;
83781;31/08/1962;0000;50.3;
83781;30/09/1962;0000;46.9;
83781;31/10/1962;0000;182.3;
83781;30/11/1962;0000;64.7;
83781;31/12/1962;0000;236.3;
83781;31/01/1963;0000;219.1;
83781;28/02/1963;0000;241;
83781;31/03/1963;0000;78.1;
83781;30/04/1963;0000;24.3;
83781;31/05/1963;0000;3.7;
83781;30/06/1963;0000;21.3;
83781;31/07/1963;0000;3;
83781;31/08/1963;0000;9.3;
83781;30/09/1963;0000;6.6;
83781;31/10/1963;0000;99.2;
83781;30/11/1963;0000;118.5;
83781;31/12/1963;0000;70.8;
83781;31/01/1964;0000;94.8;
83781;29/02/1964;0000;230.7;
83781;31/03/1964;0000;51.5;
83781;30/04/1964;0000;36;
83781;31/05/1964;0000;76;
83781;30/06/1964;0000;38.5;
83781;31/07/1964;0000;78.3;
83781;31/08/1964;0000;28.6;
83781;30/09/1964;0000;93.1;
83781;31/10/1964;0000;144;
83781;30/11/1964;0000;91.9;
83781;31/12/1964;0000;346.2;
83781;31/01/1965;0000;410.6;
83781;28/02/1965;0000;141.4;
83781;31/03/1965;0000;136.6;
83781;30/04/1965;0000;83.8;
83781;31/05/1965;0000;57;
83781;30/06/1965;0000;20.9;
83781;31/07/1965;0000;74.2;
83781;31/08/1965;0000;7.8;
83781;30/09/1965;0000;62.1;
83781;31/10/1965;0000;207.6;
83781;30/11/1965;0000;150.5;
83781;31/12/1965;0000;279.2;
83781;31/01/1966;0000;198.3;
83781;28/02/1966;0000;184.7;
83781;31/03/1966;0000;257.9;
83781;30/04/1966;0000;22.5;
83781;31/05/1966;0000;24.8;
83781;30/06/1966;0000;5;
83781;31/07/1966;0000;20;
83781;31/08/1966;0000;52.1;
83781;30/09/1966;0000;121.5;
83781;31/10/1966;0000;166.6;
83781;30/11/1966;0000;69.5;
83781;31/12/1966;0000;338.7;
83781;31/01/1967;0000;181.5;
83781;28/02/1967;0000;274.7;
83781;31/03/1967;0000;189;
83781;30/04/1967;0000;30.4;
83781;31/05/1967;0000;25.9;
83781;30/06/1967;0000;66.4;
83781;31/07/1967;0000;30.6;
83781;31/08/1967;0000;5;
83781;30/09/1967;0000;90.6;
83781;31/10/1967;0000;153;
83781;30/11/1967;0000;179.8;
83781;31/12/1967;0000;171.6;
83781;31/01/1968;0000;227.4;
83781;29/02/1968;0000;140.1;
83781;31/03/1968;0000;164.8;
83781;30/04/1968;0000;60;
83781;31/05/1968;0000;90;
83781;30/06/1968;0000;41.9;
83781;31/07/1968;0000;15.4;
83781;31/08/1968;0000;58;
83781;30/09/1968;0000;20.5;
83781;31/10/1968;0000;91;
83781;30/11/1968;0000;68;
83781;31/12/1968;0000;147.9;
83781;31/01/1969;0000;146.1;
83781;28/02/1969;0000;173.7;
83781;31/03/1969;0000;108.8;
83781;30/04/1969;0000;105.4;
83781;31/05/1969;0000;36.8;
83781;30/06/1969;0000;50.1;
83781;31/07/1969;0000;11.3;
83781;31/08/1969;0000;34.2;
83781;30/09/1969;0000;50.6;
83781;31/10/1969;0000;237.9;
83781;30/11/1969;0000;300.7;
83781;31/12/1969;0000;98.6;
83781;31/01/1970;0000;351.7;
83781;28/02/1970;0000;416.2;
83781;31/03/1970;0000;120.6;
83781;30/04/1970;0000;49.2;
83781;31/05/1970;0000;80.8;
83781;30/06/1970;0000;87.2;
83781;31/07/1970;0000;25.9;
83781;31/08/1970;0000;84.1;
83781;30/09/1970;0000;104.1;
83781;31/10/1970;0000;83.5;
83781;30/11/1970;0000;110.8;
83781;31/12/1970;0000;145.9;
83781;31/01/1971;0000;187.5;
83781;28/02/1971;0000;185.7;
83781;31/03/1971;0000;299.7;
83781;30/04/1971;0000;97.3;
83781;31/05/1971;0000;64.1;
83781;30/06/1971;0000;76.4;
83781;31/07/1971;0000;34.1;
83781;31/08/1971;0000;9.7;
83781;30/09/1971;0000;62;
83781;31/10/1971;0000;137.3;
83781;30/11/1971;0000;97.9;
83781;31/12/1971;0000;157.2;
83781;31/01/1972;0000;294.7;
83781;29/02/1972;0000;173;
83781;31/03/1972;0000;133.5;
83781;30/04/1972;0000;47;
83781;31/05/1972;0000;34.1;
83781;30/06/1972;0000;3.6;
83781;31/07/1972;0000;71.9;
83781;31/08/1972;0000;94;
83781;30/09/1972;0000;112.4;
83781;31/10/1972;0000;206.7;
83781;30/11/1972;0000;159.9;
83781;31/12/1972;0000;138.7;
83781;31/01/1973;0000;256.8;
83781;28/02/1973;0000;171.6;
83781;31/03/1973;0000;121.8;
83781;30/04/1973;0000;88.2;
83781;31/05/1973;0000;58.9;
83781;30/06/1973;0000;29.7;
83781;31/07/1973;0000;86.7;
83781;31/08/1973;0000;17.7;
83781;30/09/1973;0000;77.7;
83781;31/10/1973;0000;130.3;
83781;30/11/1973;0000;195.4;
83781;31/12/1973;0000;216.4;
83781;31/01/1974;0000;251.8;
83781;28/02/1974;0000;147.4;
83781;31/03/1974;0000;299.9;
83781;30/04/1974;0000;61.2;
83781;31/05/1974;0000;8.1;
83781;30/06/1974;0000;123.5;
83781;31/07/1974;0000;0.4;
83781;31/08/1974;0000;3;
83781;30/09/1974;0000;43.3;
83781;31/10/1974;0000;174.4;
83781;30/11/1974;0000;127.7;
83781;31/12/1974;0000;178.2;
83781;31/01/1975;0000;155.3;
83781;28/02/1975;0000;331.8;
83781;31/03/1975;0000;38.5;
83781;30/04/1975;0000;24.3;
83781;31/05/1975;0000;32.4;
83781;30/06/1975;0000;3.7;
83781;31/07/1975;0000;75.9;
83781;31/08/1975;0000;0.4;
83781;30/09/1975;0000;42.1;
83781;31/10/1975;0000;137.7;
83781;30/11/1975;0000;220.9;
83781;31/12/1975;0000;227.1;
83781;31/01/1976;0000;269.7;
83781;29/02/1976;0000;385.2;
83781;31/03/1976;0000;124.4;
83781;30/04/1976;0000;204.9;
83781;31/05/1976;0000;168.6;
83781;30/06/1976;0000;72.1;
83781;31/07/1976;0000;153.3;
83781;31/08/1976;0000;143.6;
83781;30/09/1976;0000;187.9;
83781;31/10/1976;0000;74.3;
83781;30/11/1976;0000;86.1;
83781;31/12/1976;0000;252.9;
83781;31/01/1977;0000;295.2;
83781;28/02/1977;0000;153.6;
83781;31/03/1977;0000;155.7;
83781;30/04/1977;0000;93.3;
83781;31/05/1977;0000;96.4;
83781;30/06/1977;0000;40.4;
83781;31/07/1977;0000;6.8;
83781;31/08/1977;0000;10.1;
83781;30/09/1977;0000;102.5;
83781;31/10/1977;0000;77.8;
83781;30/11/1977;0000;191.1;
83781;31/12/1977;0000;230.2;
83781;31/01/1978;0000;147.1;
83781;28/02/1978;0000;178.3;
83781;31/03/1978;0000;251.4;
83781;30/04/1978;0000;0;
83781;31/05/1978;0000;105.3;
83781;30/06/1978;0000;69.9;
83781;31/07/1978;0000;61.6;
83781;31/08/1978;0000;4.4;
83781;30/09/1978;0000;41;
83781;31/10/1978;0000;68.2;
83781;30/11/1978;0000;423.7;
83781;31/12/1978;0000;253;
83781;31/01/1979;0000;147.2;
83781;28/02/1979;0000;133.7;
83781;31/03/1979;0000;65.3;
83781;30/04/1979;0000;90.3;
83781;31/05/1979;0000;101;
83781;30/06/1979;0000;4.4;
83781;31/07/1979;0000;42;
83781;31/08/1979;0000;76.6;
83781;30/09/1979;0000;127.6;
83781;31/10/1979;0000;133;
83781;30/11/1979;0000;233.6;
83781;31/12/1979;0000;115.8;
83781;31/01/1980;0000;182.4;
83781;29/02/1980;0000;194.3;
83781;31/03/1980;0000;125.4;
83781;30/04/1980;0000;119.5;
83781;31/05/1980;0000;5.4;
83781;30/06/1980;0000;73.5;
83781;31/07/1980;0000;20;
83781;31/08/1980;0000;26.2;
83781;30/09/1980;0000;55.1;
83781;31/10/1980;0000;70.2;
83781;30/11/1980;0000;151.7;
83781;31/12/1980;0000;289.1;
83781;31/01/1981;0000;208.9;
83781;28/02/1981;0000;225.3;
83781;31/03/1981;0000;148.6;
83781;30/04/1981;0000;40.5;
83781;31/05/1981;0000;32.6;
83781;30/06/1981;0000;65.8;
83781;31/07/1981;0000;51.1;
83781;31/08/1981;0000;14.5;
83781;30/09/1981;0000;8.3;
83781;31/10/1981;0000;198.8;
83781;30/11/1981;0000;165.4;
83781;31/12/1981;0000;120.8;
83781;31/01/1982;0000;217.7;
83781;28/02/1982;0000;275.9;
83781;31/03/1982;0000;143.2;
83781;30/04/1982;0000;35.4;
83781;31/05/1982;0000;45.5;
83781;30/06/1982;0000;161.9;
83781;31/07/1982;0000;41.9;
83781;31/08/1982;0000;72.4;
83781;30/09/1982;0000;9.5;
83781;31/10/1982;0000;197.5;
83781;30/11/1982;0000;173.5;
83781;31/12/1982;0000;269.5;
83781;31/01/1983;0000;239;
83781;31/12/1983;0000;179;
83781;31/01/1984;0000;259.3;
83781;29/02/1984;0000;32.5;
83781;31/03/1984;0000;54;
83781;30/04/1984;0000;96.8;
83781;31/05/1984;0000;113;
83781;30/06/1984;0000;0.1;
83781;31/07/1984;0000;26.7;
83781;31/08/1984;0000;110.6;
83781;30/09/1984;0000;162.5;
83781;31/10/1984;0000;31.1;
83781;30/11/1984;0000;140;
83781;31/12/1984;0000;139.6;
83781;31/01/1985;0000;190.1;
83781;28/02/1985;0000;281.4;
83781;31/03/1985;0000;166.9;
83781;30/04/1985;0000;31.4;
83781;31/05/1985;0000;107.2;
83781;30/06/1985;0000;14.2;
83781;31/07/1985;0000;0.6;
83781;31/08/1985;0000;21.6;
83781;30/09/1985;0000;110.1;
83781;31/10/1985;0000;11.2;
83781;30/11/1985;0000;86;
83781;31/12/1985;0000;176.3;
83781;31/01/1986;0000;250.7;
83781;28/02/1986;0000;268.4;
83781;31/03/1986;0000;230.6;
83781;30/04/1986;0000;84.9;
83781;31/05/1986;0000;84.6;
83781;30/06/1986;0000;2.4;
83781;31/07/1986;0000;28.1;
83781;31/08/1986;0000;97.2;
83781;30/09/1986;0000;34.7;
83781;31/10/1986;0000;43.9;
83781;30/11/1986;0000;155.6;
83781;31/12/1986;0000;383.2;
83781;31/01/1987;0000;442.3;
83781;28/02/1987;0000;177.5;
83781;31/03/1987;0000;178.5;
83781;30/04/1987;0000;91.5;
83781;31/05/1987;0000;241.2;
83781;30/06/1987;0000;195.9;
83781;31/07/1987;0000;10.7;
83781;31/08/1987;0000;17.4;
83781;30/09/1987;0000;59.2;
83781;31/10/1987;0000;89.9;
83781;30/11/1987;0000;96.1;
83781;31/12/1987;0000;146.3;
83781;31/01/1988;0000;293.4;
83781;29/02/1988;0000;284.7;
83781;31/03/1988;0000;203.6;
83781;30/04/1988;0000;173.4;
83781;31/05/1988;0000;210.8;
83781;30/06/1988;0000;58.8;
83781;31/07/1988;0000;2.2;
83781;31/08/1988;0000;2.6;
83781;30/09/1988;0000;34.7;
83781;31/10/1988;0000;170.1;
83781;30/11/1988;0000;85.7;
83781;31/12/1988;0000;279.6;
83781;31/01/1989;0000;359.2;
83781;28/02/1989;0000;326.5;
83781;31/03/1989;0000;185.1;
83781;30/04/1989;0000;96.2;
83781;31/05/1989;0000;30.4;
83781;30/06/1989;0000;44.4;
83781;31/07/1989;0000;144.7;
83781;31/08/1989;0000;32.3;
83781;30/09/1989;0000;82.2;
83781;31/10/1989;0000;65.4;
83781;30/11/1989;0000;82.4;
83781;31/12/1989;0000;121.7;
83781;31/01/1990;0000;280.7;
83781;28/02/1990;0000;152.8;
83781;31/03/1990;0000;228.8;
83781;30/04/1990;0000;77.1;
83781;31/05/1990;0000;52.8;
83781;30/06/1990;0000;39.2;
83781;31/07/1990;0000;121;
83781;31/08/1990;0000;49.6;
83781;30/09/1990;0000;96.1;
83781;31/10/1990;0000;117.6;
83781;30/11/1990;0000;76;
83781;31/12/1990;0000;124.7;
83781;31/01/1991;0000;270.7;
83781;28/02/1991;0000;358;
83781;31/03/1991;0000;451.3;
83781;30/04/1991;0000;169;
83781;31/05/1991;0000;34.2;
83781;30/06/1991;0000;85.8;
83781;31/07/1991;0000;26.2;
83781;31/08/1991;0000;39.3;
83781;30/09/1991;0000;65.6;
83781;31/10/1991;0000;153.9;
83781;30/11/1991;0000;48;
83781;31/12/1991;0000;220.6;
83781;31/01/1992;0000;203.4;
83781;29/02/1992;0000;184;
83781;31/03/1992;0000;273.7;
83781;30/04/1992;0000;59.3;
83781;31/05/1992;0000;71.4;
83781;30/06/1992;0000;18.6;
83781;31/07/1992;0000;39.1;
83781;31/08/1992;0000;25.8;
83781;30/09/1992;0000;180.6;
83781;31/10/1992;0000;177.5;
83781;30/11/1992;0000;213.8;
83781;31/12/1992;0000;201;
83781;31/01/1993;0000;248.7;
83781;28/02/1993;0000;265.6;
83781;31/03/1993;0000;92.5;
83781;30/04/1993;0000;118.4;
83781;31/05/1993;0000;101.2;
83781;30/06/1993;0000;57.5;
83781;31/07/1993;0000;15.2;
83781;31/08/1993;0000;52.1;
83781;30/09/1993;0000;206.7;
83781;31/10/1993;0000;148.5;
83781;30/11/1993;0000;96.2;
83781;31/12/1993;0000;180.3;
83781;31/01/1994;0000;231.9;
83781;28/02/1994;0000;170.8;
83781;31/03/1994;0000;252.3;
83781;30/04/1994;0000;99.9;
83781;31/05/1994;0000;40.7;
83781;30/06/1994;0000;31.9;
83781;31/07/1994;0000;26.1;
83781;31/08/1994;0000;3.1;
83781;30/09/1994;0000;1.3;
83781;31/10/1994;0000;126.8;
83781;30/11/1994;0000;122.8;
83781;31/12/1994;0000;311.1;
83781;31/01/1995;0000;379;
83781;28/02/1995;0000;445.5;
83781;31/03/1995;0000;304.1;
83781;30/04/1995;0000;64.9;
83781;31/05/1995;0000;74.4;
83781;30/06/1995;0000;58.7;
83781;31/07/1995;0000;47.1;
83781;31/08/1995;0000;16.7;
83781;30/09/1995;0000;41.5;
83781;31/10/1995;0000;229.9;
83781;30/11/1995;0000;97.7;
83781;31/12/1995;0000;202;
83781;31/01/1996;0000;354.9;
83781;29/02/1996;0000;305.6;
83781;31/03/1996;0000;396.8;
83781;30/04/1996;0000;81.7;
83781;31/05/1996;0000;33.1;
83781;30/06/1996;0000;54.1;
83781;31/07/1996;0000;7.2;
83781;31/08/1996;0000;31.6;
83781;30/09/1996;0000;178.9;
83781;31/10/1996;0000;154;
83781;30/11/1996;0000;93.9;
83781;31/12/1996;0000;331.4;
83781;31/01/1997;0000;313.3;
83781;28/02/1997;0000;181.1;
83781;31/03/1997;0000;76;
83781;30/04/1997;0000;71.6;
83781;31/05/1997;0000;75;
83781;30/06/1997;0000;122.5;
83781;31/07/1997;0000;10;
83781;31/08/1997;0000;22.3;
83781;30/09/1997;0000;140.9;
83781;31/10/1997;0000;96.1;
83781;30/11/1997;0000;220.1;
83781;31/12/1997;0000;255.4;
83781;31/01/1998;0000;200.6;
83781;28/02/1998;0000;394.2;
83781;31/03/1998;0000;252.9;
83781;30/04/1998;0000;92.8;
83781;31/05/1998;0000;130;
83781;30/06/1998;0000;16.1;
83781;31/07/1998;0000;10.1;
83781;31/08/1998;0000;42.5;
83781;30/09/1998;0000;95;
83781;31/10/1998;0000;216.4;
83781;30/11/1998;0000;38.6;
83781;31/12/1998;0000;241.2;
83781;31/01/1999;0000;319.1;
83781;28/02/1999;0000;369.8;
83781;31/03/1999;0000;187.3;
83781;30/04/1999;0000;35.8;
83781;31/05/1999;0000;35.5;
83781;30/06/1999;0000;84.3;
83781;31/07/1999;0000;25.6;
83781;31/08/1999;0000;1.4;
83781;30/09/1999;0000;80.1;
83781;31/10/1999;0000;62;
83781;30/11/1999;0000;101.4;
83781;31/12/1999;0000;74.6;
83781;31/01/2000;0000;328.3;
83781;29/02/2000;0000;246.6;
83781;31/03/2000;0000;100.1;
83781;30/04/2000;0000;6.3;
83781;31/05/2000;0000;9.3;
83781;30/06/2000;0000;12.2;
83781;31/07/2000;0000;65.6;
83781;31/08/2000;0000;86.3;
83781;30/09/2000;0000;111.1;
83781;31/10/2000;0000;59;
83781;30/11/2000;0000;186;
83781;31/12/2000;0000;249.7;
83781;31/01/2001;0000;144.2;
83781;28/02/2001;0000;290.1;
83781;31/03/2001;0000;138.5;
83781;30/04/2001;0000;32.9;
83781;31/05/2001;0000;86.1;
83781;30/06/2001;0000;24.5;
83781;31/07/2001;0000;41;
83781;31/08/2001;0000;32.8;
83781;30/09/2001;0000;88.5;
83781;31/10/2001;0000;204.3;
83781;30/11/2001;0000;185.2;
83781;31/12/2001;0000;187;
83781;31/01/2002;0000;284.8;
83781;28/02/2002;0000;172.5;
83781;31/03/2002;0000;326.5;
83781;30/04/2002;0000;53.5;
83781;31/05/2002;0000;93;
83781;30/06/2002;0000;1.3;
83781;31/07/2002;0000;22.9;
83781;31/08/2002;0000;46.4;
83781;30/09/2002;0000;54.8;
83781;31/10/2002;0000;124.9;
83781;30/11/2002;0000;226.5;
83781;31/12/2002;0000;235.3;
83781;31/01/2003;0000;317.2;
83781;28/02/2003;0000;109.4;
83781;31/03/2003;0000;126.5;
83781;30/04/2003;0000;45.6;
83781;31/05/2003;0000;33.1;
83781;30/06/2003;0000;16;
83781;31/07/2003;0000;19;
83781;31/08/2003;0000;25.3;
83781;30/09/2003;0000;34.5;
83781;31/10/2003;0000;126.7;
83781;30/11/2003;0000;99.3;
83781;31/12/2003;0000;139.8;
83781;31/01/2004;0000;284.5;
83781;29/02/2004;0000;335.6;
83781;31/03/2004;0000;130.7;
83781;30/04/2004;0000;123.4;
83781;31/05/2004;0000;60.1;
83781;30/06/2004;0000;66.8;
83781;31/07/2004;0000;97.4;
83781;31/08/2004;0000;2.7;
83781;30/09/2004;0000;9.3;
83781;31/10/2004;0000;97.4;
83781;30/11/2004;0000;173.6;
83781;31/12/2004;0000;262.9;
83781;31/01/2005;0000;312.1;
83781;28/02/2005;0000;99.9;
83781;31/03/2005;0000;286.6;
83781;30/04/2005;0000;133.2;
83781;31/05/2005;0000;199;
83781;30/06/2005;0000;30.4;
83781;31/07/2005;0000;13.7;
83781;31/08/2005;0000;9.5;
83781;30/09/2005;0000;138.8;
83781;31/10/2005;0000;172.1;
83781;30/11/2005;0000;106.1;
83781;31/12/2005;0000;228.2;
83781;31/01/2006;0000;348;
83781;28/02/2006;0000;166;
83781;31/03/2006;0000;607.9;
83781;30/04/2006;0000;51.1;
83781;31/05/2006;0000;15;
83781;30/06/2006;0000;24.2;
83781;31/07/2006;0000;71;
83781;31/08/2006;0000;5.8;
83781;30/09/2006;0000;77.7;
83781;31/10/2006;0000;100.4;
83781;30/11/2006;0000;230.7;
83781;31/12/2006;0000;311.5;
83781;31/01/2007;0000;213.5;
83781;28/02/2007;0000;285.9;
83781;31/03/2007;0000;185.4;
83781;30/04/2007;0000;124.8;
83781;31/05/2007;0000;59;
83781;30/06/2007;0000;30.7;
83781;31/07/2007;0000;148.3;
83781;31/08/2007;0000;0;
83781;30/09/2007;0000;15.7;
83781;31/10/2007;0000;109.3;
83781;30/11/2007;0000;219.9;
83781;31/12/2007;0000;230.9;
83781;31/01/2008;0000;318.5;
83781;29/02/2008;0000;236.3;
83781;31/03/2008;0000;180.8;
83781;30/04/2008;0000;96.6;
83781;31/05/2008;0000;80.3;
83781;30/06/2008;0000;78.2;
83781;31/07/2008;0000;0;
83781;31/08/2008;0000;78.5;
83781;30/09/2008;0000;43.9;
83781;31/10/2008;0000;161.4;
83781;30/11/2008;0000;165.1;
83781;31/12/2008;0000;220.2;
83781;31/01/2009;0000;351.8;
83781;28/02/2009;0000;200.2;
83781;31/03/2009;0000;125.7;
83781;30/04/2009;0000;69.6;
83781;31/05/2009;0000;50;
83781;30/06/2009;0000;49.8;
83781;31/07/2009;0000;179.7;
83781;31/08/2009;0000;102.8;
83781;30/09/2009;0000;192.2;
83781;31/10/2009;0000;154.5;
83781;30/11/2009;0000;177.3;
83781;31/12/2009;0000;363.7;
83781;31/01/2010;0000;480.5;
83781;28/02/2010;0000;296.5;
83781;31/03/2010;0000;184.5;
83781;30/04/2010;0000;124.5;
83781;31/05/2010;0000;65.2;
83781;30/06/2010;0000;13.1;
83781;31/07/2010;0000;93.5;
83781;31/08/2010;0000;0.4;
83781;30/09/2010;0000;104.8;
83781;31/10/2010;0000;70.1;
83781;30/11/2010;0000;109.6;
83781;31/12/2010;0000;343.1;
83781;31/01/2011;0000;493.7;
83781;28/02/2011;0000;311.5;
83781;31/03/2011;0000;164;
83781;30/04/2011;0000;133;
83781;31/05/2011;0000;30.4;
83781;30/06/2011;0000;81.6;
83781;31/07/2011;0000;4.5;
83781;31/08/2011;0000;46.3;
83781;30/09/2011;0000;7.4;
83781;31/10/2011;0000;149.6;
83781;30/11/2011;0000;141.3;
83781;31/12/2011;0000;136.8;
83781;31/01/2012;0000;332.6;
83781;29/02/2012;0000;224.2;
83781;31/03/2012;0000;187.6;
83781;30/04/2012;0000;155.9;
83781;31/05/2012;0000;82.7;
83781;30/06/2012;0000;233.7;
83781;31/07/2012;0000;74.7;
83781;31/08/2012;0000;0.3;
83781;30/09/2012;0000;19.2;
83781;31/10/2012;0000;128.3;
83781;30/11/2012;0000;91.6;
83781;31/12/2012;0000;401.9;
83781;31/01/2013;0000;169.2;
83781;28/02/2013;0000;278;
83781;31/03/2013;0000;174.5;
83781;30/04/2013;0000;70.7;
83781;31/05/2013;0000;42.5;
83781;30/06/2013;0000;143.2;
83781;31/07/2013;0000;90.9;
83781;31/08/2013;0000;7.7;
83781;30/09/2013;0000;81.3;
83781;31/10/2013;0000;126.6;
83781;30/11/2013;0000;123.6;
83781;31/12/2013;0000;83.1;
83781;31/01/2014;0000;237.9;
83781;28/02/2014;0000;197.6;
83781;31/03/2014;0000;226.9;
83781;30/04/2014;0000;79.7;
83781;31/05/2014;0000;46;
83781;30/06/2014;0000;9.7;
83781;31/07/2014;0000;21.4;
83781;31/08/2014;0000;29.6;
83781;30/09/2014;0000;58.7;
83781;31/10/2014;0000;25.2;
83781;30/11/2014;0000;117.5;
83781;31/12/2014;0000;203.1;
83781;31/01/2015;0000;156.2;
83781;28/02/2015;0000;273;
83781;31/03/2015;0000;332.7;
83781;30/04/2015;0000;108.1;
83781;31/05/2015;0000;50.7;
83781;30/06/2015;0000;20.3;
83781;31/07/2015;0000;65.1;
83781;31/08/2015;0000;31.6;
83781;30/09/2015;0000;201.7;
83781;31/10/2015;0000;92.1;
83781;30/11/2015;0000;247.2;
83781;31/12/2015;0000;318.1;
83781;31/01/2016;0000;175.9;
83781;29/02/2016;0000;275.1;
83781;31/03/2016;0000;256.6;
83781;30/04/2016;0000;2.4;
83781;31/05/2016;0000;105.7;
83781;30/06/2016;0000;206.8;
83781;31/07/2016;0000;6.4;
83781;31/08/2016;0000;82.4;
83781;30/09/2016;0000;22.2;
83781;31/10/2016;0000;104.1;
83781;30/11/2016;0000;166.8;
83781;31/12/2016;0000;165.4;
83781;31/01/2017;0000;454;
83781;28/02/2017;0000;127.3;
83781;31/03/2017;0000;160.4;
83781;30/04/2017;0000;143.1;
83781;31/05/2017;0000;153.4;
83781;30/06/2017;0000;102.9;
83781;31/07/2017;0000;0.8;
83781;31/08/2017;0000;60.5;
83781;30/09/2017;0000;11.1;
83781;31/10/2017;0000;149.4;
83781;30/11/2017;0000;159.8;
83781;31/12/2017;0000;151.3;

